# Matter power spectrum
# Engine: CLASS
# Cosmology: Planck15
# Redshift: z = 1.
# Transformed: False
# Transformer: None
# Transform options: None
# [0] k, [1] pk
2.000000000e-04 3.169924576e+02
2.009014729e-04 3.183710945e+02
2.018070090e-04 3.197557053e+02
2.027166267e-04 3.211463154e+02
2.036303443e-04 3.225429507e+02
2.045481805e-04 3.239456370e+02
2.054701536e-04 3.253544003e+02
2.063962825e-04 3.267692665e+02
2.073265857e-04 3.281902619e+02
2.082610821e-04 3.296174127e+02
2.091997907e-04 3.310507452e+02
2.101427303e-04 3.324902860e+02
2.110899202e-04 3.339360614e+02
2.120413793e-04 3.353880981e+02
2.129971271e-04 3.368464229e+02
2.139571827e-04 3.383110626e+02
2.149215657e-04 3.397820442e+02
2.158902954e-04 3.412593946e+02
2.168633916e-04 3.427431412e+02
2.178408739e-04 3.442333112e+02
2.188227621e-04 3.457299321e+02
2.198090760e-04 3.472330313e+02
2.207998356e-04 3.487426365e+02
2.217950609e-04 3.502587755e+02
2.227947720e-04 3.517814761e+02
2.237989892e-04 3.533107663e+02
2.248077328e-04 3.548466742e+02
2.258210231e-04 3.563892280e+02
2.268388807e-04 3.579384562e+02
2.278613262e-04 3.594943870e+02
2.288883802e-04 3.610570492e+02
2.299200635e-04 3.626264714e+02
2.309563969e-04 3.642026824e+02
2.319974015e-04 3.657857111e+02
2.330430983e-04 3.673755866e+02
2.340935085e-04 3.689723381e+02
2.351486532e-04 3.705759948e+02
2.362085538e-04 3.721865862e+02
2.372732318e-04 3.738041419e+02
2.383427087e-04 3.754286914e+02
2.394170061e-04 3.770602645e+02
2.404961458e-04 3.786988912e+02
2.415801495e-04 3.803446015e+02
2.426690392e-04 3.819974255e+02
2.437628370e-04 3.836573935e+02
2.448615649e-04 3.853245360e+02
2.459652451e-04 3.869988834e+02
2.470739001e-04 3.886804665e+02
2.481875522e-04 3.903693159e+02
2.493062239e-04 3.920654626e+02
2.504299378e-04 3.937689377e+02
2.515587168e-04 3.954797723e+02
2.526925835e-04 3.971979977e+02
2.538315610e-04 3.989236453e+02
2.549756724e-04 4.006567467e+02
2.561249406e-04 4.023973336e+02
2.572793890e-04 4.041454378e+02
2.584390409e-04 4.059010913e+02
2.596039198e-04 4.076643261e+02
2.607740492e-04 4.094351744e+02
2.619494529e-04 4.112136686e+02
2.631301545e-04 4.129998411e+02
2.643161779e-04 4.147937243e+02
2.655075472e-04 4.165953509e+02
2.667042864e-04 4.184047534e+02
2.679064198e-04 4.202219648e+02
2.691139716e-04 4.220470180e+02
2.703269663e-04 4.238799462e+02
2.715454284e-04 4.257207825e+02
2.727693826e-04 4.275695604e+02
2.739988535e-04 4.294263133e+02
2.752338662e-04 4.312910749e+02
2.764744455e-04 4.331638791e+02
2.777206165e-04 4.350447596e+02
2.789724045e-04 4.369337506e+02
2.802298347e-04 4.388308863e+02
2.814929327e-04 4.407362009e+02
2.827617239e-04 4.426497291e+02
2.840362339e-04 4.445715053e+02
2.853164887e-04 4.465015643e+02
2.866025140e-04 4.484399411e+02
2.878943360e-04 4.503866706e+02
2.891919806e-04 4.523417881e+02
2.904954742e-04 4.543053288e+02
2.918048431e-04 4.562773283e+02
2.931201138e-04 4.582578220e+02
2.944413130e-04 4.602468458e+02
2.957684672e-04 4.622444356e+02
2.971016034e-04 4.642506274e+02
2.984407486e-04 4.662654573e+02
2.997859297e-04 4.682889618e+02
3.011371741e-04 4.703211772e+02
3.024945091e-04 4.723621402e+02
3.038579620e-04 4.744118876e+02
3.052275605e-04 4.764704562e+02
3.066033323e-04 4.785378832e+02
3.079853052e-04 4.806142057e+02
3.093735072e-04 4.826994612e+02
3.107679663e-04 4.847936871e+02
3.121687107e-04 4.868969211e+02
3.135757688e-04 4.890092011e+02
3.149891690e-04 4.911305649e+02
3.164089399e-04 4.932610507e+02
3.178351102e-04 4.954006968e+02
3.192677089e-04 4.975495416e+02
3.207067647e-04 4.997076237e+02
3.221523069e-04 5.018749819e+02
3.236043647e-04 5.040516549e+02
3.250629675e-04 5.062376820e+02
3.265281447e-04 5.084331022e+02
3.279999259e-04 5.106379550e+02
3.294783411e-04 5.128522798e+02
3.309634200e-04 5.150761163e+02
3.324551927e-04 5.173095039e+02
3.339536893e-04 5.195524824e+02
3.354589403e-04 5.218050916e+02
3.369709759e-04 5.240673716e+02
3.384898268e-04 5.263393624e+02
3.400155238e-04 5.286211044e+02
3.415480976e-04 5.309126381e+02
3.430875793e-04 5.332140040e+02
3.446340000e-04 5.355252430e+02
3.461873909e-04 5.378463960e+02
3.477477836e-04 5.401775042e+02
3.493152095e-04 5.425186087e+02
3.508897004e-04 5.448697509e+02
3.524712881e-04 5.472309726e+02
3.540600046e-04 5.496023154e+02
3.556558820e-04 5.519838212e+02
3.572589526e-04 5.543755321e+02
3.588692488e-04 5.567774904e+02
3.604868033e-04 5.591897383e+02
3.621116486e-04 5.616123186e+02
3.637438177e-04 5.640452739e+02
3.653833436e-04 5.664886470e+02
3.670302594e-04 5.689424812e+02
3.686845985e-04 5.714068195e+02
3.703463943e-04 5.738817054e+02
3.720156804e-04 5.763671824e+02
3.736924905e-04 5.788632943e+02
3.753768587e-04 5.813700849e+02
3.770688190e-04 5.838875983e+02
3.787684055e-04 5.864158788e+02
3.804756526e-04 5.889549708e+02
3.821905950e-04 5.915049188e+02
3.839132672e-04 5.940657675e+02
3.856437042e-04 5.966375620e+02
3.873819408e-04 5.992203472e+02
3.891280123e-04 6.018141685e+02
3.908819540e-04 6.044190713e+02
3.926438014e-04 6.070351012e+02
3.944135900e-04 6.096623040e+02
3.961913557e-04 6.123007256e+02
3.979771345e-04 6.149504123e+02
3.997709624e-04 6.176114103e+02
4.015728757e-04 6.202837661e+02
4.033829109e-04 6.229675264e+02
4.052011047e-04 6.256627381e+02
4.070274936e-04 6.283694482e+02
4.088621148e-04 6.310877038e+02
4.107050053e-04 6.338175525e+02
4.125562024e-04 6.365590417e+02
4.144157434e-04 6.393122192e+02
4.162836661e-04 6.420771329e+02
4.181600083e-04 6.448538304e+02
4.200448077e-04 6.476423595e+02
4.219381027e-04 6.504427682e+02
4.238399314e-04 6.532551047e+02
4.257503324e-04 6.560794172e+02
4.276693442e-04 6.589157542e+02
4.295970057e-04 6.617641645e+02
4.315333559e-04 6.646246968e+02
4.334784339e-04 6.674974002e+02
4.354322791e-04 6.703823240e+02
4.373949310e-04 6.732795174e+02
4.393664293e-04 6.761890301e+02
4.413468138e-04 6.791109119e+02
4.433361247e-04 6.820452126e+02
4.453344021e-04 6.849919823e+02
4.473416864e-04 6.879512715e+02
4.493580184e-04 6.909231304e+02
4.513834386e-04 6.939076099e+02
4.534179882e-04 6.969047607e+02
4.554617082e-04 6.999146339e+02
4.575146401e-04 7.029372807e+02
4.595768252e-04 7.059727525e+02
4.616483054e-04 7.090211009e+02
4.637291224e-04 7.120823776e+02
4.658193185e-04 7.151566347e+02
4.679189358e-04 7.182439242e+02
4.700280169e-04 7.213442985e+02
4.721466044e-04 7.244578102e+02
4.742747411e-04 7.275845119e+02
4.764124701e-04 7.307244565e+02
4.785598347e-04 7.338776972e+02
4.807168782e-04 7.370442872e+02
4.828836443e-04 7.402242801e+02
4.850601767e-04 7.434177294e+02
4.872465196e-04 7.466246890e+02
4.894427172e-04 7.498452130e+02
4.916488138e-04 7.530793557e+02
4.938648541e-04 7.563271714e+02
4.960908829e-04 7.595887149e+02
4.983269452e-04 7.628640409e+02
5.005730862e-04 7.661532045e+02
5.028293515e-04 7.694562609e+02
5.050957865e-04 7.727732655e+02
5.073724372e-04 7.761042740e+02
5.096593496e-04 7.794493421e+02
5.119565699e-04 7.828085259e+02
5.142641447e-04 7.861818816e+02
5.165821205e-04 7.895694656e+02
5.189105443e-04 7.929713345e+02
5.212494631e-04 7.963875452e+02
5.235989243e-04 7.998181545e+02
5.259589754e-04 8.032632191e+02
5.283296641e-04 8.067227957e+02
5.307110383e-04 8.101969410e+02
5.331031463e-04 8.136857121e+02
5.355060363e-04 8.171891663e+02
5.379197571e-04 8.207073609e+02
5.403443574e-04 8.242403535e+02
5.427798862e-04 8.277882019e+02
5.452263929e-04 8.313509642e+02
5.476839269e-04 8.349286984e+02
5.501525378e-04 8.385214631e+02
5.526322757e-04 8.421293166e+02
5.551231907e-04 8.457523179e+02
5.576253331e-04 8.493905258e+02
5.601387536e-04 8.530439995e+02
5.626635030e-04 8.567127983e+02
5.651996323e-04 8.603969818e+02
5.677471930e-04 8.640966098e+02
5.703062364e-04 8.678117421e+02
5.728768143e-04 8.715424388e+02
5.754589788e-04 8.752887604e+02
5.780527820e-04 8.790507673e+02
5.806582765e-04 8.828285202e+02
5.832755148e-04 8.866220801e+02
5.859045500e-04 8.904315081e+02
5.885454352e-04 8.942568654e+02
5.911982239e-04 8.980982137e+02
5.938629696e-04 9.019556147e+02
5.965397264e-04 9.058291302e+02
5.992285482e-04 9.097188223e+02
6.019294895e-04 9.136247535e+02
6.046426050e-04 9.175469862e+02
6.073679495e-04 9.214855831e+02
6.101055781e-04 9.254406071e+02
6.128555461e-04 9.294121215e+02
6.156179093e-04 9.334001895e+02
6.183927235e-04 9.374048746e+02
6.211800447e-04 9.414262406e+02
6.239799295e-04 9.454643515e+02
6.267924343e-04 9.495192714e+02
6.296176161e-04 9.535910646e+02
6.324555320e-04 9.576797957e+02
6.353062395e-04 9.617855294e+02
6.381697961e-04 9.659083308e+02
6.410462599e-04 9.700482650e+02
6.439356889e-04 9.742053974e+02
6.468381416e-04 9.783797936e+02
6.497536767e-04 9.825715193e+02
6.526823532e-04 9.867806407e+02
6.556242303e-04 9.910072238e+02
6.585793675e-04 9.952513352e+02
6.615478246e-04 9.995130406e+02
6.645296616e-04 1.003792406e+03
6.675249389e-04 1.008089497e+03
6.705337169e-04 1.012404380e+03
6.735560566e-04 1.016737120e+03
6.765920191e-04 1.021087786e+03
6.796416658e-04 1.025456443e+03
6.827050583e-04 1.029843158e+03
6.857822587e-04 1.034247998e+03
6.888733292e-04 1.038671031e+03
6.919783322e-04 1.043112324e+03
6.950973306e-04 1.047571944e+03
6.982303874e-04 1.052049960e+03
7.013775661e-04 1.056546439e+03
7.045389303e-04 1.061061450e+03
7.077145439e-04 1.065595061e+03
7.109044711e-04 1.070147341e+03
7.141087765e-04 1.074718358e+03
7.173275249e-04 1.079308181e+03
7.205607813e-04 1.083916881e+03
7.238086113e-04 1.088544525e+03
7.270710803e-04 1.093191184e+03
7.303482545e-04 1.097856927e+03
7.336402001e-04 1.102541825e+03
7.369469837e-04 1.107245947e+03
7.402686722e-04 1.111969364e+03
7.436053328e-04 1.116712147e+03
7.469570329e-04 1.121474366e+03
7.503238403e-04 1.126256091e+03
7.537058232e-04 1.131057395e+03
7.571030499e-04 1.135878348e+03
7.605155891e-04 1.140719023e+03
7.639435099e-04 1.145579490e+03
7.673868815e-04 1.150459822e+03
7.708457737e-04 1.155360090e+03
7.743202564e-04 1.160280367e+03
7.778103999e-04 1.165220726e+03
7.813162746e-04 1.170181240e+03
7.848379517e-04 1.175161980e+03
7.883755022e-04 1.180163020e+03
7.919289978e-04 1.185184434e+03
7.954985102e-04 1.190226295e+03
7.990841118e-04 1.195288676e+03
8.026858750e-04 1.200371652e+03
8.063038726e-04 1.205475296e+03
8.099381778e-04 1.210599682e+03
8.135888642e-04 1.215744886e+03
8.172560056e-04 1.220910982e+03
8.209396761e-04 1.226098044e+03
8.246399502e-04 1.231306148e+03
8.283569029e-04 1.236535368e+03
8.320906092e-04 1.241785780e+03
8.358411446e-04 1.247057458e+03
8.396085851e-04 1.252350477e+03
8.433930069e-04 1.257664910e+03
8.471944863e-04 1.263000833e+03
8.510131005e-04 1.268358321e+03
8.548489265e-04 1.273737449e+03
8.587020420e-04 1.279138292e+03
8.625725249e-04 1.284560926e+03
8.664604535e-04 1.290005426e+03
8.703659063e-04 1.295471868e+03
8.742889625e-04 1.300960329e+03
8.782297013e-04 1.306470884e+03
8.821882025e-04 1.312003610e+03
8.861645461e-04 1.317558583e+03
8.901588125e-04 1.323135880e+03
8.941710825e-04 1.328735578e+03
8.982014373e-04 1.334357754e+03
9.022499583e-04 1.340002485e+03
9.063167275e-04 1.345669848e+03
9.104018271e-04 1.351359921e+03
9.145053398e-04 1.357072782e+03
9.186273485e-04 1.362808509e+03
9.227679365e-04 1.368567178e+03
9.269271878e-04 1.374348870e+03
9.311051862e-04 1.380153662e+03
9.353020165e-04 1.385981632e+03
9.395177633e-04 1.391832860e+03
9.437525121e-04 1.397707424e+03
9.480063485e-04 1.403605402e+03
9.522793584e-04 1.409526876e+03
9.565716283e-04 1.415471923e+03
9.608832451e-04 1.421440623e+03
9.652142959e-04 1.427433056e+03
9.695648683e-04 1.433449302e+03
9.739350503e-04 1.439489441e+03
9.783249304e-04 1.445553553e+03
9.827345972e-04 1.451641718e+03
9.871641400e-04 1.457754016e+03
9.916136483e-04 1.463890529e+03
9.960832122e-04 1.470051337e+03
1.000572922e-03 1.476236521e+03
1.005082869e-03 1.482446163e+03
1.009613143e-03 1.488680342e+03
1.014163838e-03 1.494939142e+03
1.018735043e-03 1.501222643e+03
1.023326853e-03 1.507530928e+03
1.027939360e-03 1.513864078e+03
1.032572657e-03 1.520222174e+03
1.037226838e-03 1.526605301e+03
1.041901998e-03 1.533013539e+03
1.046598229e-03 1.539446970e+03
1.051315629e-03 1.545905674e+03
1.056054291e-03 1.552389730e+03
1.060814313e-03 1.558899217e+03
1.065595789e-03 1.565434216e+03
1.070398818e-03 1.571994805e+03
1.075223495e-03 1.578581066e+03
1.080069919e-03 1.585193077e+03
1.084938187e-03 1.591830919e+03
1.089828399e-03 1.598494671e+03
1.094740653e-03 1.605184415e+03
1.099675047e-03 1.611900229e+03
1.104631683e-03 1.618642195e+03
1.109610661e-03 1.625410393e+03
1.114612080e-03 1.632204904e+03
1.119636043e-03 1.639025807e+03
1.124682650e-03 1.645873184e+03
1.129752005e-03 1.652747115e+03
1.134844209e-03 1.659647682e+03
1.139959365e-03 1.666574965e+03
1.145097577e-03 1.673529045e+03
1.150258949e-03 1.680510003e+03
1.155443585e-03 1.687517920e+03
1.160651590e-03 1.694552878e+03
1.165883069e-03 1.701614957e+03
1.171138129e-03 1.708704239e+03
1.176416875e-03 1.715820806e+03
1.181719415e-03 1.722964739e+03
1.187045854e-03 1.730136118e+03
1.192396303e-03 1.737335027e+03
1.197770867e-03 1.744561547e+03
1.203169657e-03 1.751815758e+03
1.208592780e-03 1.759097744e+03
1.214040348e-03 1.766407585e+03
1.219512470e-03 1.773745364e+03
1.225009257e-03 1.781111162e+03
1.230530820e-03 1.788505062e+03
1.236077271e-03 1.795927146e+03
1.241648721e-03 1.803377495e+03
1.247245285e-03 1.810856192e+03
1.252867073e-03 1.818363318e+03
1.258514202e-03 1.825898957e+03
1.264186784e-03 1.833463190e+03
1.269884934e-03 1.841056099e+03
1.275608768e-03 1.848677768e+03
1.281358401e-03 1.856328277e+03
1.287133950e-03 1.864007710e+03
1.292935532e-03 1.871716149e+03
1.298763263e-03 1.879453676e+03
1.304617262e-03 1.887220375e+03
1.310497647e-03 1.895016326e+03
1.316404538e-03 1.902841613e+03
1.322338052e-03 1.910696316e+03
1.328298312e-03 1.918580512e+03
1.334285436e-03 1.926494283e+03
1.340299547e-03 1.934437707e+03
1.346340765e-03 1.942410865e+03
1.352409213e-03 1.950413834e+03
1.358505014e-03 1.958446695e+03
1.364628291e-03 1.966509527e+03
1.370779168e-03 1.974602408e+03
1.376957769e-03 1.982725419e+03
1.383164219e-03 1.990878639e+03
1.389398644e-03 1.999062145e+03
1.395661170e-03 2.007276018e+03
1.401951923e-03 2.015520337e+03
1.408271031e-03 2.023795180e+03
1.414618621e-03 2.032100626e+03
1.420994823e-03 2.040436754e+03
1.427399764e-03 2.048803642e+03
1.433833575e-03 2.057201370e+03
1.440296385e-03 2.065630016e+03
1.446788325e-03 2.074089658e+03
1.453309527e-03 2.082580375e+03
1.459860123e-03 2.091102245e+03
1.466440244e-03 2.099655347e+03
1.473050025e-03 2.108239758e+03
1.479689598e-03 2.116855557e+03
1.486359098e-03 2.125502822e+03
1.493058659e-03 2.134181631e+03
1.499788419e-03 2.142892060e+03
1.506548511e-03 2.151634190e+03
1.513339074e-03 2.160408096e+03
1.520160245e-03 2.169213856e+03
1.527012161e-03 2.178051548e+03
1.533894961e-03 2.186921249e+03
1.540808784e-03 2.195823037e+03
1.547753770e-03 2.204756987e+03
1.554730060e-03 2.213723179e+03
1.561737795e-03 2.222721687e+03
1.568777116e-03 2.231752589e+03
1.575848166e-03 2.240815962e+03
1.582951088e-03 2.249911881e+03
1.590086025e-03 2.259040424e+03
1.597253122e-03 2.268201667e+03
1.604452524e-03 2.277395685e+03
1.611684376e-03 2.286622554e+03
1.618948824e-03 2.295882351e+03
1.626246016e-03 2.305175150e+03
1.633576099e-03 2.314501028e+03
1.640939222e-03 2.323860060e+03
1.648335533e-03 2.333252320e+03
1.655765181e-03 2.342677883e+03
1.663228318e-03 2.352136820e+03
1.670725094e-03 2.361629196e+03
1.678255660e-03 2.371155082e+03
1.685820170e-03 2.380714543e+03
1.693418776e-03 2.390307647e+03
1.701051631e-03 2.399934460e+03
1.708718890e-03 2.409595050e+03
1.716420709e-03 2.419289483e+03
1.724157242e-03 2.429017823e+03
1.731928647e-03 2.438780138e+03
1.739735080e-03 2.448576492e+03
1.747576700e-03 2.458406951e+03
1.755453664e-03 2.468271579e+03
1.763366134e-03 2.478170440e+03
1.771314267e-03 2.488103599e+03
1.779298226e-03 2.498071119e+03
1.787318171e-03 2.508073063e+03
1.795374265e-03 2.518109495e+03
1.803466671e-03 2.528180478e+03
1.811595552e-03 2.538286073e+03
1.819761073e-03 2.548426342e+03
1.827963399e-03 2.558601348e+03
1.836202696e-03 2.568811152e+03
1.844479130e-03 2.579055813e+03
1.852792870e-03 2.589335394e+03
1.861144082e-03 2.599649954e+03
1.869532936e-03 2.609999553e+03
1.877959602e-03 2.620384249e+03
1.886424250e-03 2.630804103e+03
1.894927051e-03 2.641259173e+03
1.903468178e-03 2.651749517e+03
1.912047802e-03 2.662275193e+03
1.920666098e-03 2.672836258e+03
1.929323240e-03 2.683432768e+03
1.938019402e-03 2.694064782e+03
1.946754762e-03 2.704732354e+03
1.955529495e-03 2.715435541e+03
1.964343778e-03 2.726174398e+03
1.973197791e-03 2.736948979e+03
1.982091712e-03 2.747759339e+03
1.991025722e-03 2.758605532e+03
2.000000000e-03 2.769487611e+03
2.009014729e-03 2.780405630e+03
2.018070090e-03 2.791359640e+03
2.027166267e-03 2.802349695e+03
2.036303443e-03 2.813375845e+03
2.045481805e-03 2.824438142e+03
2.054701536e-03 2.835536636e+03
2.063962825e-03 2.846671378e+03
2.073265857e-03 2.857842418e+03
2.082610821e-03 2.869049803e+03
2.091997907e-03 2.880293579e+03
2.101427303e-03 2.891573788e+03
2.110899202e-03 2.902890471e+03
2.120413793e-03 2.914243669e+03
2.129971271e-03 2.925633423e+03
2.139571827e-03 2.937059772e+03
2.149215657e-03 2.948522755e+03
2.158902954e-03 2.960022410e+03
2.168633916e-03 2.971558774e+03
2.178408739e-03 2.983131886e+03
2.188227621e-03 2.994741781e+03
2.198090760e-03 3.006388495e+03
2.207998356e-03 3.018072062e+03
2.217950609e-03 3.029792519e+03
2.227947720e-03 3.041549897e+03
2.237989892e-03 3.053344230e+03
2.248077328e-03 3.065175550e+03
2.258210231e-03 3.077043889e+03
2.268388807e-03 3.088949278e+03
2.278613262e-03 3.100891746e+03
2.288883802e-03 3.112871324e+03
2.299200635e-03 3.124888040e+03
2.309563969e-03 3.136941922e+03
2.319974015e-03 3.149032997e+03
2.330430983e-03 3.161161292e+03
2.340935085e-03 3.173326832e+03
2.351486532e-03 3.185529643e+03
2.362085538e-03 3.197769748e+03
2.372732318e-03 3.210047172e+03
2.383427087e-03 3.222361937e+03
2.394170061e-03 3.234714064e+03
2.404961458e-03 3.247103575e+03
2.415801495e-03 3.259530490e+03
2.426690392e-03 3.271994829e+03
2.437628370e-03 3.284496610e+03
2.448615649e-03 3.297035851e+03
2.459652451e-03 3.309612570e+03
2.470739001e-03 3.322226782e+03
2.481875522e-03 3.334878503e+03
2.493062239e-03 3.347567747e+03
2.504299378e-03 3.360294529e+03
2.515587168e-03 3.373058860e+03
2.526925835e-03 3.385860754e+03
2.538315610e-03 3.398700220e+03
2.549756724e-03 3.411577270e+03
2.561249406e-03 3.424491913e+03
2.572793890e-03 3.437444156e+03
2.584390409e-03 3.450434009e+03
2.596039198e-03 3.463461476e+03
2.607740492e-03 3.476526565e+03
2.619494529e-03 3.489629280e+03
2.631301545e-03 3.502769620e+03
2.643161779e-03 3.515947582e+03
2.655075472e-03 3.529163159e+03
2.667042864e-03 3.542416346e+03
2.679064198e-03 3.555707133e+03
2.691139716e-03 3.569035512e+03
2.703269663e-03 3.582401473e+03
2.715454284e-03 3.595805004e+03
2.727693826e-03 3.609246095e+03
2.739988535e-03 3.622724730e+03
2.752338662e-03 3.636240896e+03
2.764744455e-03 3.649794578e+03
2.777206165e-03 3.663385758e+03
2.789724045e-03 3.677014419e+03
2.802298347e-03 3.690680541e+03
2.814929327e-03 3.704384106e+03
2.827617239e-03 3.718125090e+03
2.840362339e-03 3.731903473e+03
2.853164887e-03 3.745719230e+03
2.866025140e-03 3.759572336e+03
2.878943360e-03 3.773462766e+03
2.891919806e-03 3.787390492e+03
2.904954742e-03 3.801355486e+03
2.918048431e-03 3.815357719e+03
2.931201138e-03 3.829397159e+03
2.944413130e-03 3.843473774e+03
2.957684672e-03 3.857587532e+03
2.971016034e-03 3.871738397e+03
2.984407486e-03 3.885926335e+03
2.997859297e-03 3.900151306e+03
3.011371741e-03 3.914413275e+03
3.024945091e-03 3.928712200e+03
3.038579620e-03 3.943048042e+03
3.052275605e-03 3.957420757e+03
3.066033323e-03 3.971830303e+03
3.079853052e-03 3.986276634e+03
3.093735072e-03 4.000759705e+03
3.107679663e-03 4.015279469e+03
3.121687107e-03 4.029835875e+03
3.135757688e-03 4.044428876e+03
3.149891690e-03 4.059058418e+03
3.164089399e-03 4.073724449e+03
3.178351102e-03 4.088426916e+03
3.192677089e-03 4.103165762e+03
3.207067647e-03 4.117940931e+03
3.221523069e-03 4.132752365e+03
3.236043647e-03 4.147600003e+03
3.250629675e-03 4.162483786e+03
3.265281447e-03 4.177403650e+03
3.279999259e-03 4.192359532e+03
3.294783411e-03 4.207351365e+03
3.309634200e-03 4.222379080e+03
3.324551927e-03 4.237442595e+03
3.339536893e-03 4.252541827e+03
3.354589403e-03 4.267676691e+03
3.369709759e-03 4.282847101e+03
3.384898268e-03 4.298052969e+03
3.400155238e-03 4.313294204e+03
3.415480976e-03 4.328570716e+03
3.430875793e-03 4.343882412e+03
3.446340000e-03 4.359229196e+03
3.461873909e-03 4.374610971e+03
3.477477836e-03 4.390027641e+03
3.493152095e-03 4.405479105e+03
3.508897004e-03 4.420965260e+03
3.524712881e-03 4.436486005e+03
3.540600046e-03 4.452041233e+03
3.556558820e-03 4.467630837e+03
3.572589526e-03 4.483254710e+03
3.588692488e-03 4.498912741e+03
3.604868033e-03 4.514604816e+03
3.621116486e-03 4.530330824e+03
3.637438177e-03 4.546090646e+03
3.653833436e-03 4.561884167e+03
3.670302594e-03 4.577711267e+03
3.686845985e-03 4.593571823e+03
3.703463943e-03 4.609465715e+03
3.720156804e-03 4.625392815e+03
3.736924905e-03 4.641352999e+03
3.753768587e-03 4.657346136e+03
3.770688190e-03 4.673372098e+03
3.787684055e-03 4.689430751e+03
3.804756526e-03 4.705521961e+03
3.821905950e-03 4.721645593e+03
3.839132672e-03 4.737801508e+03
3.856437042e-03 4.753989566e+03
3.873819408e-03 4.770209627e+03
3.891280123e-03 4.786461546e+03
3.908819540e-03 4.802745177e+03
3.926438014e-03 4.819060373e+03
3.944135900e-03 4.835406986e+03
3.961913557e-03 4.851784862e+03
3.979771345e-03 4.868193850e+03
3.997709624e-03 4.884633794e+03
4.015728757e-03 4.901104536e+03
4.033829109e-03 4.917605918e+03
4.052011047e-03 4.934137778e+03
4.070274936e-03 4.950699953e+03
4.088621148e-03 4.967292278e+03
4.107050053e-03 4.983914586e+03
4.125562024e-03 5.000566708e+03
4.144157434e-03 5.017248473e+03
4.162836661e-03 5.033959703e+03
4.181600083e-03 5.050700207e+03
4.200448077e-03 5.067469790e+03
4.219381027e-03 5.084268253e+03
4.238399314e-03 5.101095398e+03
4.257503324e-03 5.117951020e+03
4.276693442e-03 5.134834915e+03
4.295970057e-03 5.151746877e+03
4.315333559e-03 5.168686696e+03
4.334784339e-03 5.185654159e+03
4.354322791e-03 5.202649054e+03
4.373949310e-03 5.219671164e+03
4.393664293e-03 5.236720269e+03
4.413468138e-03 5.253796150e+03
4.433361247e-03 5.270898581e+03
4.453344021e-03 5.288027339e+03
4.473416864e-03 5.305182194e+03
4.493580184e-03 5.322362916e+03
4.513834386e-03 5.339569272e+03
4.534179882e-03 5.356801027e+03
4.554617082e-03 5.374057943e+03
4.575146401e-03 5.391339780e+03
4.595768252e-03 5.408646296e+03
4.616483054e-03 5.425977245e+03
4.637291224e-03 5.443332380e+03
4.658193185e-03 5.460711452e+03
4.679189358e-03 5.478114208e+03
4.700280169e-03 5.495540394e+03
4.721466044e-03 5.512989753e+03
4.742747411e-03 5.530462025e+03
4.764124701e-03 5.547956948e+03
4.785598347e-03 5.565474258e+03
4.807168782e-03 5.583013688e+03
4.828836443e-03 5.600574969e+03
4.850601767e-03 5.618157829e+03
4.872465196e-03 5.635761994e+03
4.894427172e-03 5.653387187e+03
4.916488138e-03 5.671033128e+03
4.938648541e-03 5.688699537e+03
4.960908829e-03 5.706386129e+03
4.983269452e-03 5.724092618e+03
5.005730862e-03 5.741818714e+03
5.028293515e-03 5.759564125e+03
5.050957865e-03 5.777328558e+03
5.073724372e-03 5.795111716e+03
5.096593496e-03 5.812913300e+03
5.119565699e-03 5.830733008e+03
5.142641447e-03 5.848570536e+03
5.165821205e-03 5.866425577e+03
5.189105443e-03 5.884297823e+03
5.212494631e-03 5.902186960e+03
5.235989243e-03 5.920092672e+03
5.259589754e-03 5.938014610e+03
5.283296641e-03 5.955952417e+03
5.307110383e-03 5.973905733e+03
5.331031463e-03 5.991874192e+03
5.355060363e-03 6.009857428e+03
5.379197571e-03 6.027855071e+03
5.403443574e-03 6.045866748e+03
5.427798862e-03 6.063892084e+03
5.452263929e-03 6.081930699e+03
5.476839269e-03 6.099982211e+03
5.501525378e-03 6.118046235e+03
5.526322757e-03 6.136122384e+03
5.551231907e-03 6.154210267e+03
5.576253331e-03 6.172309488e+03
5.601387536e-03 6.190419653e+03
5.626635030e-03 6.208540360e+03
5.651996323e-03 6.226671206e+03
5.677471930e-03 6.244811786e+03
5.703062364e-03 6.262961691e+03
5.728768143e-03 6.281120508e+03
5.754589788e-03 6.299287823e+03
5.780527820e-03 6.317463217e+03
5.806582765e-03 6.335646270e+03
5.832755148e-03 6.353836558e+03
5.859045500e-03 6.372033654e+03
5.885454352e-03 6.390237127e+03
5.911982239e-03 6.408446544e+03
5.938629696e-03 6.426661471e+03
5.965397264e-03 6.444881468e+03
5.992285482e-03 6.463106092e+03
6.019294895e-03 6.481334899e+03
6.046426050e-03 6.499567442e+03
6.073679495e-03 6.517803269e+03
6.101055781e-03 6.536041926e+03
6.128555461e-03 6.554282957e+03
6.156179093e-03 6.572525902e+03
6.183927235e-03 6.590770299e+03
6.211800447e-03 6.609015681e+03
6.239799295e-03 6.627261580e+03
6.267924343e-03 6.645507525e+03
6.296176161e-03 6.663753042e+03
6.324555320e-03 6.681997652e+03
6.353062395e-03 6.700240876e+03
6.381697961e-03 6.718482230e+03
6.410462599e-03 6.736721229e+03
6.439356889e-03 6.754957383e+03
6.468381416e-03 6.773190201e+03
6.497536767e-03 6.791419188e+03
6.526823532e-03 6.809643846e+03
6.556242303e-03 6.827863675e+03
6.585793675e-03 6.846078168e+03
6.615478246e-03 6.864286782e+03
6.645296616e-03 6.882488949e+03
6.675249389e-03 6.900684099e+03
6.705337169e-03 6.918871658e+03
6.735560566e-03 6.937051049e+03
6.765920191e-03 6.955221690e+03
6.796416658e-03 6.973382997e+03
6.827050583e-03 6.991534383e+03
6.857822587e-03 7.009675257e+03
6.888733292e-03 7.027805024e+03
6.919783322e-03 7.045923086e+03
6.950973306e-03 7.064028843e+03
6.982303874e-03 7.082121691e+03
7.013775661e-03 7.100201021e+03
7.045389303e-03 7.118266223e+03
7.077145439e-03 7.136316682e+03
7.109044711e-03 7.154351781e+03
7.141087765e-03 7.172370900e+03
7.173275249e-03 7.190373415e+03
7.205607813e-03 7.208358698e+03
7.238086113e-03 7.226326120e+03
7.270710803e-03 7.244275047e+03
7.303482545e-03 7.262204841e+03
7.336402001e-03 7.280114865e+03
7.369469837e-03 7.298004474e+03
7.402686722e-03 7.315873024e+03
7.436053328e-03 7.333719864e+03
7.469570329e-03 7.351544343e+03
7.503238403e-03 7.369345807e+03
7.537058232e-03 7.387123596e+03
7.571030499e-03 7.404877051e+03
7.605155891e-03 7.422605506e+03
7.639435099e-03 7.440308295e+03
7.673868815e-03 7.457984749e+03
7.708457737e-03 7.475634194e+03
7.743202564e-03 7.493255956e+03
7.778103999e-03 7.510849354e+03
7.813162746e-03 7.528413709e+03
7.848379517e-03 7.545948337e+03
7.883755022e-03 7.563452549e+03
7.919289978e-03 7.580925658e+03
7.954985102e-03 7.598366970e+03
7.990841118e-03 7.615775791e+03
8.026858750e-03 7.633151423e+03
8.063038726e-03 7.650493166e+03
8.099381778e-03 7.667800317e+03
8.135888642e-03 7.685072170e+03
8.172560056e-03 7.702308019e+03
8.209396761e-03 7.719507151e+03
8.246399502e-03 7.736668855e+03
8.283569029e-03 7.753792412e+03
8.320906092e-03 7.770877049e+03
8.358411446e-03 7.787921937e+03
8.396085851e-03 7.804926242e+03
8.433930069e-03 7.821889125e+03
8.471944863e-03 7.838809745e+03
8.510131005e-03 7.855687259e+03
8.548489265e-03 7.872520818e+03
8.587020420e-03 7.889309572e+03
8.625725249e-03 7.906052668e+03
8.664604535e-03 7.922749248e+03
8.703659063e-03 7.939398452e+03
8.742889625e-03 7.955999419e+03
8.782297013e-03 7.972551283e+03
8.821882025e-03 7.989053174e+03
8.861645461e-03 8.005504223e+03
8.901588125e-03 8.021903554e+03
8.941710825e-03 8.038250291e+03
8.982014373e-03 8.054543556e+03
9.022499583e-03 8.070782464e+03
9.063167275e-03 8.086966133e+03
9.104018271e-03 8.103093675e+03
9.145053398e-03 8.119164200e+03
9.186273485e-03 8.135176816e+03
9.227679365e-03 8.151130629e+03
9.269271878e-03 8.167024743e+03
9.311051862e-03 8.182858258e+03
9.353020165e-03 8.198630273e+03
9.395177633e-03 8.214339885e+03
9.437525121e-03 8.229986188e+03
9.480063485e-03 8.245568276e+03
9.522793584e-03 8.261085238e+03
9.565716283e-03 8.276536164e+03
9.608832451e-03 8.291920140e+03
9.652142959e-03 8.307236251e+03
9.695648683e-03 8.322483581e+03
9.739350503e-03 8.337661211e+03
9.783249304e-03 8.352768221e+03
9.827345972e-03 8.367803689e+03
9.871641400e-03 8.382766693e+03
9.916136483e-03 8.397656308e+03
9.960832122e-03 8.412471609e+03
1.000572922e-02 8.427211667e+03
1.005082869e-02 8.441875555e+03
1.009613143e-02 8.456462343e+03
1.014163838e-02 8.470971100e+03
1.018735043e-02 8.485400895e+03
1.023326853e-02 8.499750795e+03
1.027939360e-02 8.514019867e+03
1.032572657e-02 8.528207176e+03
1.037226838e-02 8.542311787e+03
1.041901998e-02 8.556332763e+03
1.046598229e-02 8.570269117e+03
1.051315629e-02 8.584119775e+03
1.056054291e-02 8.597883652e+03
1.060814313e-02 8.611559664e+03
1.065595789e-02 8.625146724e+03
1.070398818e-02 8.638643744e+03
1.075223495e-02 8.652049637e+03
1.080069919e-02 8.665363313e+03
1.084938187e-02 8.678583682e+03
1.089828399e-02 8.691709652e+03
1.094740653e-02 8.704740133e+03
1.099675047e-02 8.717674031e+03
1.104631683e-02 8.730510254e+03
1.109610661e-02 8.743247710e+03
1.114612080e-02 8.755885304e+03
1.119636043e-02 8.768421944e+03
1.124682650e-02 8.780856535e+03
1.129752005e-02 8.793187985e+03
1.134844209e-02 8.805415199e+03
1.139959365e-02 8.817537085e+03
1.145097577e-02 8.829552549e+03
1.150258949e-02 8.841460501e+03
1.155443585e-02 8.853259847e+03
1.160651590e-02 8.864949496e+03
1.165883069e-02 8.876528359e+03
1.171138129e-02 8.887995345e+03
1.176416875e-02 8.899349367e+03
1.181719415e-02 8.910589336e+03
1.187045854e-02 8.921714167e+03
1.192396303e-02 8.932722774e+03
1.197770867e-02 8.943614075e+03
1.203169657e-02 8.954386988e+03
1.208592780e-02 8.965040431e+03
1.214040348e-02 8.975573327e+03
1.219512470e-02 8.985984600e+03
1.225009257e-02 8.996273174e+03
1.230530820e-02 9.006437978e+03
1.236077271e-02 9.016477940e+03
1.241648721e-02 9.026391994e+03
1.247245285e-02 9.036179074e+03
1.252867073e-02 9.045838117e+03
1.258514202e-02 9.055368064e+03
1.264186784e-02 9.064767857e+03
1.269884934e-02 9.074036442e+03
1.275608768e-02 9.083172768e+03
1.281358401e-02 9.092175787e+03
1.287133950e-02 9.101044454e+03
1.292935532e-02 9.109777730e+03
1.298763263e-02 9.118374575e+03
1.304617262e-02 9.126833957e+03
1.310497647e-02 9.135154845e+03
1.316404538e-02 9.143336159e+03
1.322338052e-02 9.151376663e+03
1.328298312e-02 9.159275095e+03
1.334285436e-02 9.167030197e+03
1.340299547e-02 9.174640713e+03
1.346340765e-02 9.182105393e+03
1.352409213e-02 9.189422989e+03
1.358505014e-02 9.196592261e+03
1.364628291e-02 9.203611969e+03
1.370779168e-02 9.210480880e+03
1.376957769e-02 9.217197765e+03
1.383164219e-02 9.223761400e+03
1.389398644e-02 9.230170566e+03
1.395661170e-02 9.236424050e+03
1.401951923e-02 9.242520644e+03
1.408271031e-02 9.248459145e+03
1.414618621e-02 9.254238356e+03
1.420994823e-02 9.259857088e+03
1.427399764e-02 9.265314154e+03
1.433833575e-02 9.270608378e+03
1.440296385e-02 9.275738588e+03
1.446788325e-02 9.280703617e+03
1.453309527e-02 9.285502310e+03
1.459860123e-02 9.290133514e+03
1.466440244e-02 9.294596085e+03
1.473050025e-02 9.298888888e+03
1.479689598e-02 9.303010794e+03
1.486359098e-02 9.306960682e+03
1.493058659e-02 9.310737438e+03
1.499788419e-02 9.314339959e+03
1.506548511e-02 9.317767148e+03
1.513339074e-02 9.321017917e+03
1.520160245e-02 9.324091188e+03
1.527012161e-02 9.326985889e+03
1.533894961e-02 9.329700961e+03
1.540808784e-02 9.332235351e+03
1.547753770e-02 9.334588017e+03
1.554730060e-02 9.336757927e+03
1.561737795e-02 9.338744058e+03
1.568777116e-02 9.340545398e+03
1.575848166e-02 9.342160944e+03
1.582951088e-02 9.343589704e+03
1.590086025e-02 9.344830696e+03
1.597253122e-02 9.345882952e+03
1.604452524e-02 9.346745510e+03
1.611684376e-02 9.347417423e+03
1.618948824e-02 9.347897753e+03
1.626246016e-02 9.348185576e+03
1.633576099e-02 9.348279978e+03
1.640939222e-02 9.348180056e+03
1.648335533e-02 9.347884922e+03
1.655765181e-02 9.347393683e+03
1.663228318e-02 9.346705377e+03
1.670725094e-02 9.345819027e+03
1.678255660e-02 9.344733669e+03
1.685820170e-02 9.343448353e+03
1.693418776e-02 9.341962143e+03
1.701051631e-02 9.340274113e+03
1.708718890e-02 9.338383355e+03
1.716420709e-02 9.336288973e+03
1.724157242e-02 9.333990085e+03
1.731928647e-02 9.331485824e+03
1.739735080e-02 9.328775337e+03
1.747576700e-02 9.325857786e+03
1.755453664e-02 9.322732348e+03
1.763366134e-02 9.319398217e+03
1.771314267e-02 9.315854599e+03
1.779298226e-02 9.312100718e+03
1.787318171e-02 9.308135814e+03
1.795374265e-02 9.303959142e+03
1.803466671e-02 9.299569973e+03
1.811595552e-02 9.294967596e+03
1.819761073e-02 9.290151314e+03
1.827963399e-02 9.285120450e+03
1.836202696e-02 9.279874341e+03
1.844479130e-02 9.274412345e+03
1.852792870e-02 9.268733832e+03
1.861144082e-02 9.262838195e+03
1.869532936e-02 9.256724842e+03
1.877959602e-02 9.250393198e+03
1.886424250e-02 9.243842709e+03
1.894927051e-02 9.237072838e+03
1.903468178e-02 9.230083065e+03
1.912047802e-02 9.222872892e+03
1.920666098e-02 9.215441837e+03
1.929323240e-02 9.207789438e+03
1.938019402e-02 9.199915252e+03
1.946754762e-02 9.191818856e+03
1.955529495e-02 9.183499847e+03
1.964343778e-02 9.174957840e+03
1.973197791e-02 9.166192472e+03
1.982091712e-02 9.157203398e+03
1.991025722e-02 9.147990295e+03
2.000000000e-02 9.138552859e+03
2.009014729e-02 9.128890808e+03
2.018070090e-02 9.119003879e+03
2.027166267e-02 9.108891832e+03
2.036303443e-02 9.098554446e+03
2.045481805e-02 9.087991521e+03
2.054701536e-02 9.077202881e+03
2.063962825e-02 9.066188369e+03
2.073265857e-02 9.054947850e+03
2.082610821e-02 9.043481234e+03
2.091997907e-02 9.031788675e+03
2.101427303e-02 9.019870480e+03
2.110899202e-02 9.007726978e+03
2.120413793e-02 8.995358518e+03
2.129971271e-02 8.982765466e+03
2.139571827e-02 8.969948213e+03
2.149215657e-02 8.956907167e+03
2.158902954e-02 8.943642757e+03
2.168633916e-02 8.930155432e+03
2.178408739e-02 8.916445660e+03
2.188227621e-02 8.902513933e+03
2.198090760e-02 8.888360758e+03
2.207998356e-02 8.873986666e+03
2.217950609e-02 8.859392208e+03
2.227947720e-02 8.844577952e+03
2.237989892e-02 8.829544490e+03
2.248077328e-02 8.814292431e+03
2.258210231e-02 8.798822407e+03
2.268388807e-02 8.783135068e+03
2.278613262e-02 8.767231086e+03
2.288883802e-02 8.751111150e+03
2.299200635e-02 8.734775973e+03
2.309563969e-02 8.718226286e+03
2.319974015e-02 8.701462838e+03
2.330430983e-02 8.684486402e+03
2.340935085e-02 8.667297769e+03
2.351486532e-02 8.649897749e+03
2.362085538e-02 8.632287173e+03
2.372732318e-02 8.614466891e+03
2.383427087e-02 8.596437775e+03
2.394170061e-02 8.578200713e+03
2.404961458e-02 8.559756615e+03
2.415801495e-02 8.541106411e+03
2.426690392e-02 8.522251049e+03
2.437628370e-02 8.503191496e+03
2.448615649e-02 8.483928741e+03
2.459652451e-02 8.464463790e+03
2.470739001e-02 8.444797670e+03
2.481875522e-02 8.424931423e+03
2.493062239e-02 8.404866116e+03
2.504299378e-02 8.384602831e+03
2.515587168e-02 8.364142669e+03
2.526925835e-02 8.343486752e+03
2.538315610e-02 8.322636217e+03
2.549756724e-02 8.301592224e+03
2.561249406e-02 8.280355949e+03
2.572793890e-02 8.258928586e+03
2.584390409e-02 8.237311347e+03
2.596039198e-02 8.215505464e+03
2.607740492e-02 8.193512185e+03
2.619494529e-02 8.171332817e+03
2.631301545e-02 8.148969550e+03
2.643161779e-02 8.126425435e+03
2.655075472e-02 8.103703558e+03
2.667042864e-02 8.080807002e+03
2.679064198e-02 8.057738845e+03
2.691139716e-02 8.034502161e+03
2.703269663e-02 8.011100020e+03
2.715454284e-02 7.987535487e+03
2.727693826e-02 7.963811621e+03
2.739988535e-02 7.939931472e+03
2.752338662e-02 7.915898089e+03
2.764744455e-02 7.891714509e+03
2.777206165e-02 7.867383763e+03
2.789724045e-02 7.842908874e+03
2.802298347e-02 7.818292856e+03
2.814929327e-02 7.793538716e+03
2.827617239e-02 7.768649448e+03
2.840362339e-02 7.743628041e+03
2.853164887e-02 7.718477468e+03
2.866025140e-02 7.693200696e+03
2.878943360e-02 7.667800680e+03
2.891919806e-02 7.642280361e+03
2.904954742e-02 7.616642671e+03
2.918048431e-02 7.590890529e+03
2.931201138e-02 7.565026842e+03
2.944413130e-02 7.539054501e+03
2.957684672e-02 7.512976388e+03
2.971016034e-02 7.486795368e+03
2.984407486e-02 7.460514294e+03
2.997859297e-02 7.434136004e+03
3.011371741e-02 7.407663320e+03
3.024945091e-02 7.381099052e+03
3.038579620e-02 7.354445992e+03
3.052275605e-02 7.327706917e+03
3.066033323e-02 7.300884589e+03
3.079853052e-02 7.273981752e+03
3.093735072e-02 7.247001136e+03
3.107679663e-02 7.219945452e+03
3.121687107e-02 7.192817395e+03
3.135757688e-02 7.165619643e+03
3.149891690e-02 7.138354854e+03
3.164089399e-02 7.111025672e+03
3.178351102e-02 7.083634720e+03
3.192677089e-02 7.056184603e+03
3.207067647e-02 7.028677910e+03
3.221523069e-02 7.001117208e+03
3.236043647e-02 6.973505046e+03
3.250629675e-02 6.945843956e+03
3.265281447e-02 6.918136447e+03
3.279999259e-02 6.890385010e+03
3.294783411e-02 6.862592155e+03
3.309634200e-02 6.834761626e+03
3.324551927e-02 6.806898663e+03
3.339536893e-02 6.779008533e+03
3.354589403e-02 6.751096437e+03
3.369709759e-02 6.723167504e+03
3.384898268e-02 6.695226796e+03
3.400155238e-02 6.667279306e+03
3.415480976e-02 6.639329956e+03
3.430875793e-02 6.611383602e+03
3.446340000e-02 6.583445028e+03
3.461873909e-02 6.555518949e+03
3.477477836e-02 6.527610013e+03
3.493152095e-02 6.499722796e+03
3.508897004e-02 6.471861807e+03
3.524712881e-02 6.444031483e+03
3.540600046e-02 6.416236197e+03
3.556558820e-02 6.388480248e+03
3.572589526e-02 6.360767870e+03
3.588692488e-02 6.333103227e+03
3.604868033e-02 6.305490417e+03
3.621116486e-02 6.277933469e+03
3.637438177e-02 6.250436343e+03
3.653833436e-02 6.223002934e+03
3.670302594e-02 6.195637071e+03
3.686845985e-02 6.168342515e+03
3.703463943e-02 6.141122961e+03
3.720156804e-02 6.113982040e+03
3.736924905e-02 6.086923317e+03
3.753768587e-02 6.059950292e+03
3.770688190e-02 6.033066402e+03
3.787684055e-02 6.006275020e+03
3.804756526e-02 5.979579456e+03
3.821905950e-02 5.952982958e+03
3.839132672e-02 5.926488711e+03
3.856437042e-02 5.900099840e+03
3.873819408e-02 5.873819410e+03
3.891280123e-02 5.847650422e+03
3.908819540e-02 5.821595822e+03
3.926438014e-02 5.795658496e+03
3.944135900e-02 5.769841271e+03
3.961913557e-02 5.744146916e+03
3.979771345e-02 5.718578146e+03
3.997709624e-02 5.693137616e+03
4.015728757e-02 5.667827931e+03
4.033829109e-02 5.642651636e+03
4.052011047e-02 5.617611225e+03
4.070274936e-02 5.592709138e+03
4.088621148e-02 5.567947765e+03
4.107050053e-02 5.543329484e+03
4.125562024e-02 5.518856710e+03
4.144157434e-02 5.494531815e+03
4.162836661e-02 5.470357120e+03
4.181600083e-02 5.446334896e+03
4.200448077e-02 5.422467363e+03
4.219381027e-02 5.398756691e+03
4.238399314e-02 5.375205004e+03
4.257503324e-02 5.351814376e+03
4.276693442e-02 5.328586838e+03
4.295970057e-02 5.305524372e+03
4.315333559e-02 5.282628917e+03
4.334784339e-02 5.259902368e+03
4.354322791e-02 5.237346577e+03
4.373949310e-02 5.214963353e+03
4.393664293e-02 5.192754466e+03
4.413468138e-02 5.170721643e+03
4.433361247e-02 5.148866575e+03
4.453344021e-02 5.127190912e+03
4.473416864e-02 5.105696268e+03
4.493580184e-02 5.084384219e+03
4.513834386e-02 5.063256308e+03
4.534179882e-02 5.042314040e+03
4.554617082e-02 5.021558888e+03
4.575146401e-02 5.000992293e+03
4.595768252e-02 4.980615663e+03
4.616483054e-02 4.960430376e+03
4.637291224e-02 4.940437778e+03
4.658193185e-02 4.920639188e+03
4.679189358e-02 4.901035897e+03
4.700280169e-02 4.881629167e+03
4.721466044e-02 4.862420235e+03
4.742747411e-02 4.843410312e+03
4.764124701e-02 4.824600556e+03
4.785598347e-02 4.805990786e+03
4.807168782e-02 4.787579020e+03
4.828836443e-02 4.769363172e+03
4.850601767e-02 4.751341184e+03
4.872465196e-02 4.733511025e+03
4.894427172e-02 4.715870690e+03
4.916488138e-02 4.698418202e+03
4.938648541e-02 4.681151608e+03
4.960908829e-02 4.664068982e+03
4.983269452e-02 4.647168422e+03
5.005730862e-02 4.630448051e+03
5.028293515e-02 4.613906018e+03
5.050957865e-02 4.597540493e+03
5.073724372e-02 4.581349673e+03
5.096593496e-02 4.565331776e+03
5.119565699e-02 4.549485044e+03
5.142641447e-02 4.533807742e+03
5.165821205e-02 4.518298156e+03
5.189105443e-02 4.502954596e+03
5.212494631e-02 4.487775391e+03
5.235989243e-02 4.472758895e+03
5.259589754e-02 4.457903295e+03
5.283296641e-02 4.443204910e+03
5.307110383e-02 4.428659008e+03
5.331031463e-02 4.414260899e+03
5.355060363e-02 4.400005958e+03
5.379197571e-02 4.385889613e+03
5.403443574e-02 4.371907355e+03
5.427798862e-02 4.358054725e+03
5.452263929e-02 4.344327324e+03
5.476839269e-02 4.330720804e+03
5.501525378e-02 4.317230871e+03
5.526322757e-02 4.303853280e+03
5.551231907e-02 4.290583840e+03
5.576253331e-02 4.277418409e+03
5.601387536e-02 4.264352891e+03
5.626635030e-02 4.251383242e+03
5.651996323e-02 4.238505450e+03
5.677471930e-02 4.225714650e+03
5.703062364e-02 4.213004496e+03
5.728768143e-02 4.200368564e+03
5.754589788e-02 4.187800508e+03
5.780527820e-02 4.175294054e+03
5.806582765e-02 4.162842999e+03
5.832755148e-02 4.150441216e+03
5.859045500e-02 4.138082645e+03
5.885454352e-02 4.125761301e+03
5.911982239e-02 4.113471264e+03
5.938629696e-02 4.101206688e+03
5.965397264e-02 4.088961794e+03
5.992285482e-02 4.076730871e+03
6.019294895e-02 4.064508217e+03
6.046426050e-02 4.052287304e+03
6.073679495e-02 4.040061012e+03
6.101055781e-02 4.027822293e+03
6.128555461e-02 4.015564190e+03
6.156179093e-02 4.003279830e+03
6.183927235e-02 3.990962433e+03
6.211800447e-02 3.978605306e+03
6.239799295e-02 3.966201848e+03
6.267924343e-02 3.953745547e+03
6.296176161e-02 3.941229983e+03
6.324555320e-02 3.928648831e+03
6.353062395e-02 3.915995838e+03
6.381697961e-02 3.903264515e+03
6.410462599e-02 3.890448190e+03
6.439356889e-02 3.877540289e+03
6.468381416e-02 3.864534345e+03
6.497536767e-02 3.851423999e+03
6.526823532e-02 3.838203005e+03
6.556242303e-02 3.824865228e+03
6.585793675e-02 3.811404649e+03
6.615478246e-02 3.797815365e+03
6.645296616e-02 3.784091593e+03
6.675249389e-02 3.770227685e+03
6.705337169e-02 3.756218309e+03
6.735560566e-02 3.742058407e+03
6.765920191e-02 3.727743045e+03
6.796416658e-02 3.713267416e+03
6.827050583e-02 3.698626840e+03
6.857822587e-02 3.683816767e+03
6.888733292e-02 3.668832779e+03
6.919783322e-02 3.653670595e+03
6.950973306e-02 3.638326069e+03
6.982303874e-02 3.622795213e+03
7.013775661e-02 3.607074728e+03
7.045389303e-02 3.591162116e+03
7.077145439e-02 3.575055049e+03
7.109044711e-02 3.558751322e+03
7.141087765e-02 3.542248861e+03
7.173275249e-02 3.525545724e+03
7.205607813e-02 3.508640098e+03
7.238086113e-02 3.491530306e+03
7.270710803e-02 3.474214809e+03
7.303482545e-02 3.456692397e+03
7.336402001e-02 3.438963369e+03
7.369469837e-02 3.421028715e+03
7.402686722e-02 3.402889523e+03
7.436053328e-02 3.384546982e+03
7.469570329e-02 3.366002374e+03
7.503238403e-02 3.347257078e+03
7.537058232e-02 3.328312574e+03
7.571030499e-02 3.309170434e+03
7.605155891e-02 3.289832463e+03
7.639435099e-02 3.270302166e+03
7.673868815e-02 3.250584188e+03
7.708457737e-02 3.230683221e+03
7.743202564e-02 3.210603983e+03
7.778103999e-02 3.190351212e+03
7.813162746e-02 3.169929669e+03
7.848379517e-02 3.149344133e+03
7.883755022e-02 3.128599401e+03
7.919289978e-02 3.107700608e+03
7.954985102e-02 3.086655059e+03
7.990841118e-02 3.065470892e+03
8.026858750e-02 3.044156165e+03
8.063038726e-02 3.022718846e+03
8.099381778e-02 3.001166813e+03
8.135888642e-02 2.979507851e+03
8.172560056e-02 2.957749648e+03
8.209396761e-02 2.935899807e+03
8.246399502e-02 2.913967047e+03
8.283569029e-02 2.891962089e+03
8.320906092e-02 2.869895662e+03
8.358411446e-02 2.847778277e+03
8.396085851e-02 2.825620225e+03
8.433930069e-02 2.803431573e+03
8.471944863e-02 2.781222164e+03
8.510131005e-02 2.759001616e+03
8.548489265e-02 2.736779829e+03
8.587020420e-02 2.714568734e+03
8.625725249e-02 2.692380575e+03
8.664604535e-02 2.670227254e+03
8.703659063e-02 2.648120335e+03
8.742889625e-02 2.626071045e+03
8.782297013e-02 2.604090272e+03
8.821882025e-02 2.582188572e+03
8.861645461e-02 2.560376427e+03
8.901588125e-02 2.538665720e+03
8.941710825e-02 2.517068671e+03
8.982014373e-02 2.495597084e+03
9.022499583e-02 2.474262361e+03
9.063167275e-02 2.453075499e+03
9.104018271e-02 2.432047100e+03
9.145053398e-02 2.411187382e+03
9.186273485e-02 2.390506323e+03
9.227679365e-02 2.370014470e+03
9.269271878e-02 2.349722351e+03
9.311051862e-02 2.329640089e+03
9.353020165e-02 2.309777414e+03
9.395177633e-02 2.290143672e+03
9.437525121e-02 2.270747838e+03
9.480063485e-02 2.251598526e+03
9.522793584e-02 2.232703965e+03
9.565716283e-02 2.214071886e+03
9.608832451e-02 2.195709661e+03
9.652142959e-02 2.177624356e+03
9.695648683e-02 2.159822746e+03
9.739350503e-02 2.142311329e+03
9.783249304e-02 2.125096336e+03
9.827345972e-02 2.108183740e+03
9.871641400e-02 2.091578644e+03
9.916136483e-02 2.075284575e+03
9.960832122e-02 2.059304733e+03
1.000572922e-01 2.043642181e+03
1.005082869e-01 2.028299852e+03
1.009613143e-01 2.013280566e+03
1.014163838e-01 1.998587032e+03
1.018735043e-01 1.984221761e+03
1.023326853e-01 1.970185191e+03
1.027939360e-01 1.956475937e+03
1.032572657e-01 1.943092585e+03
1.037226838e-01 1.930033761e+03
1.041901998e-01 1.917298136e+03
1.046598229e-01 1.904884430e+03
1.051315629e-01 1.892791409e+03
1.056054291e-01 1.881017186e+03
1.060814313e-01 1.869556469e+03
1.065595789e-01 1.858403069e+03
1.070398818e-01 1.847550975e+03
1.075223495e-01 1.836994349e+03
1.080069919e-01 1.826727522e+03
1.084938187e-01 1.816744989e+03
1.089828399e-01 1.807041347e+03
1.094740653e-01 1.797609049e+03
1.099675047e-01 1.788437668e+03
1.104631683e-01 1.779516811e+03
1.109610661e-01 1.770836329e+03
1.114612080e-01 1.762386304e+03
1.119636043e-01 1.754157041e+03
1.124682650e-01 1.746139052e+03
1.129752005e-01 1.738322476e+03
1.134844209e-01 1.730694459e+03
1.139959365e-01 1.723241297e+03
1.145097577e-01 1.715949538e+03
1.150258949e-01 1.708805974e+03
1.155443585e-01 1.701797624e+03
1.160651590e-01 1.694911730e+03
1.165883069e-01 1.688135696e+03
1.171138129e-01 1.681455639e+03
1.176416875e-01 1.674856130e+03
1.181719415e-01 1.668321883e+03
1.187045854e-01 1.661837847e+03
1.192396303e-01 1.655389200e+03
1.197770867e-01 1.648961350e+03
1.203169657e-01 1.642539927e+03
1.208592780e-01 1.636110642e+03
1.214040348e-01 1.629658876e+03
1.219512470e-01 1.623170110e+03
1.225009257e-01 1.616630070e+03
1.230530820e-01 1.610024723e+03
1.236077271e-01 1.603340288e+03
1.241648721e-01 1.596563240e+03
1.247245285e-01 1.589680383e+03
1.252867073e-01 1.582679713e+03
1.258514202e-01 1.575550169e+03
1.264186784e-01 1.568280966e+03
1.269884934e-01 1.560861591e+03
1.275608768e-01 1.553281812e+03
1.281358401e-01 1.545531688e+03
1.287133950e-01 1.537601597e+03
1.292935532e-01 1.529483571e+03
1.298763263e-01 1.521172601e+03
1.304617262e-01 1.512664243e+03
1.310497647e-01 1.503954306e+03
1.316404538e-01 1.495038859e+03
1.322338052e-01 1.485914241e+03
1.328298312e-01 1.476577067e+03
1.334285436e-01 1.467024950e+03
1.340299547e-01 1.457259827e+03
1.346340765e-01 1.447285230e+03
1.352409213e-01 1.437104818e+03
1.358505014e-01 1.426722375e+03
1.364628291e-01 1.416141806e+03
1.370779168e-01 1.405367137e+03
1.376957769e-01 1.394402695e+03
1.383164219e-01 1.383256529e+03
1.389398644e-01 1.371939927e+03
1.395661170e-01 1.360464164e+03
1.401951923e-01 1.348840371e+03
1.408271031e-01 1.337079520e+03
1.414618621e-01 1.325192417e+03
1.420994823e-01 1.313189702e+03
1.427399764e-01 1.301083797e+03
1.433833575e-01 1.288891188e+03
1.440296385e-01 1.276628498e+03
1.446788325e-01 1.264311881e+03
1.453309527e-01 1.251957010e+03
1.459860123e-01 1.239579071e+03
1.466440244e-01 1.227192760e+03
1.473050025e-01 1.214812842e+03
1.479689598e-01 1.202456839e+03
1.486359098e-01 1.190142804e+03
1.493058659e-01 1.177888094e+03
1.499788419e-01 1.165709381e+03
1.506548511e-01 1.153622658e+03
1.513339074e-01 1.141643249e+03
1.520160245e-01 1.129785864e+03
1.527012161e-01 1.118065289e+03
1.533894961e-01 1.106496280e+03
1.540808784e-01 1.095092957e+03
1.547753770e-01 1.083868803e+03
1.554730060e-01 1.072836693e+03
1.561737795e-01 1.062008913e+03
1.568777116e-01 1.051397188e+03
1.575848166e-01 1.041011692e+03
1.582951088e-01 1.030860063e+03
1.590086025e-01 1.020949335e+03
1.597253122e-01 1.011286226e+03
1.604452524e-01 1.001877160e+03
1.611684376e-01 9.927282941e+02
1.618948824e-01 9.838455396e+02
1.626246016e-01 9.752336249e+02
1.633576099e-01 9.668921407e+02
1.640939222e-01 9.588191041e+02
1.648335533e-01 9.510126185e+02
1.655765181e-01 9.434708791e+02
1.663228318e-01 9.361921759e+02
1.670725094e-01 9.291748982e+02
1.678255660e-01 9.224171838e+02
1.685820170e-01 9.159119577e+02
1.693418776e-01 9.096483017e+02
1.701051631e-01 9.036155527e+02
1.708718890e-01 8.978033925e+02
1.716420709e-01 8.922018265e+02
1.724157242e-01 8.868011656e+02
1.731928647e-01 8.815919834e+02
1.739735080e-01 8.765629380e+02
1.747576700e-01 8.716991209e+02
1.755453664e-01 8.669855948e+02
1.763366134e-01 8.624077750e+02
1.771314267e-01 8.579514073e+02
1.779298226e-01 8.536025481e+02
1.787318171e-01 8.493475474e+02
1.795374265e-01 8.451723410e+02
1.803466671e-01 8.410601059e+02
1.811595552e-01 8.369935118e+02
1.819761073e-01 8.329555597e+02
1.827963399e-01 8.289295745e+02
1.836202696e-01 8.248992015e+02
1.844479130e-01 8.208484048e+02
1.852792870e-01 8.167615148e+02
1.861144082e-01 8.126237299e+02
1.869532936e-01 8.084209323e+02
1.877959602e-01 8.041393370e+02
1.886424250e-01 7.997654978e+02
1.894927051e-01 7.952863224e+02
1.903468178e-01 7.906890892e+02
1.912047802e-01 7.859615261e+02
1.920666098e-01 7.810951644e+02
1.929323240e-01 7.760870321e+02
1.938019402e-01 7.709348134e+02
1.946754762e-01 7.656364132e+02
1.955529495e-01 7.601899638e+02
1.964343778e-01 7.545938311e+02
1.973197791e-01 7.488466207e+02
1.982091712e-01 7.429490258e+02
1.991025722e-01 7.369087181e+02
2.000000000e-01 7.307348982e+02
2.009014729e-01 7.244366666e+02
2.018070090e-01 7.180230107e+02
2.027166267e-01 7.115027923e+02
2.036303443e-01 7.048847358e+02
2.045481805e-01 6.981779077e+02
2.054701536e-01 6.913960313e+02
2.063962825e-01 6.845551979e+02
2.073265857e-01 6.776710301e+02
2.082610821e-01 6.707586362e+02
2.091997907e-01 6.638326031e+02
2.101427303e-01 6.569069902e+02
2.110899202e-01 6.499953552e+02
2.120413793e-01 6.431117755e+02
2.129971271e-01 6.362711215e+02
2.139571827e-01 6.294877339e+02
2.149215657e-01 6.227753398e+02
2.158902954e-01 6.161470669e+02
2.168633916e-01 6.096154607e+02
2.178408739e-01 6.031925046e+02
2.188227621e-01 5.968890273e+02
2.198090760e-01 5.907134600e+02
2.207998356e-01 5.846734777e+02
2.217950609e-01 5.787764053e+02
2.227947720e-01 5.730292400e+02
2.237989892e-01 5.674386737e+02
2.248077328e-01 5.620111167e+02
2.258210231e-01 5.567521279e+02
2.268388807e-01 5.516622086e+02
2.278613262e-01 5.467394843e+02
2.288883802e-01 5.419821403e+02
2.299200635e-01 5.373884395e+02
2.309563969e-01 5.329567233e+02
2.319974015e-01 5.286854131e+02
2.330430983e-01 5.245728540e+02
2.340935085e-01 5.206129197e+02
2.351486532e-01 5.167945683e+02
2.362085538e-01 5.131068375e+02
2.372732318e-01 5.095391036e+02
2.383427087e-01 5.060810589e+02
2.394170061e-01 5.027226910e+02
2.404961458e-01 4.994542626e+02
2.415801495e-01 4.962650343e+02
2.426690392e-01 4.931411765e+02
2.437628370e-01 4.900686505e+02
2.448615649e-01 4.870337626e+02
2.459652451e-01 4.840231521e+02
2.470739001e-01 4.810237833e+02
2.481875522e-01 4.780229402e+02
2.493062239e-01 4.750085238e+02
2.504299378e-01 4.719708256e+02
2.515587168e-01 4.689012849e+02
2.526925835e-01 4.657915901e+02
2.538315610e-01 4.626336822e+02
2.549756724e-01 4.594197625e+02
2.561249406e-01 4.561423020e+02
2.572793890e-01 4.527942113e+02
2.584390409e-01 4.493724139e+02
2.596039198e-01 4.458777659e+02
2.607740492e-01 4.423113586e+02
2.619494529e-01 4.386743467e+02
2.631301545e-01 4.349679483e+02
2.643161779e-01 4.311934433e+02
2.655075472e-01 4.273521806e+02
2.667042864e-01 4.234478487e+02
2.679064198e-01 4.194896200e+02
2.691139716e-01 4.154872426e+02
2.703269663e-01 4.114501826e+02
2.715454284e-01 4.073876148e+02
2.727693826e-01 4.033084163e+02
2.739988535e-01 3.992211621e+02
2.752338662e-01 3.951345296e+02
2.764744455e-01 3.910595382e+02
2.777206165e-01 3.870078438e+02
2.789724045e-01 3.829906326e+02
2.802298347e-01 3.790186259e+02
2.814929327e-01 3.751020919e+02
2.827617239e-01 3.712508597e+02
2.840362339e-01 3.674742242e+02
2.853164887e-01 3.637784464e+02
2.866025140e-01 3.601668633e+02
2.878943360e-01 3.566425419e+02
2.891919806e-01 3.532084122e+02
2.904954742e-01 3.498672770e+02
2.918048431e-01 3.466218228e+02
2.931201138e-01 3.434746265e+02
2.944413130e-01 3.404261094e+02
2.957684672e-01 3.374712822e+02
2.971016034e-01 3.346044567e+02
2.984407486e-01 3.318201392e+02
2.997859297e-01 3.291130188e+02
3.011371741e-01 3.264779578e+02
3.024945091e-01 3.239099812e+02
3.038579620e-01 3.214039337e+02
3.052275605e-01 3.189521261e+02
3.066033323e-01 3.165458035e+02
3.079853052e-01 3.141764602e+02
3.093735072e-01 3.118358369e+02
3.107679663e-01 3.095159136e+02
3.121687107e-01 3.072089022e+02
3.135757688e-01 3.049072612e+02
3.149891690e-01 3.026044313e+02
3.164089399e-01 3.002950733e+02
3.178351102e-01 2.979740914e+02
3.192677089e-01 2.956365602e+02
3.207067647e-01 2.932777275e+02
3.221523069e-01 2.908930170e+02
3.236043647e-01 2.884780324e+02
3.250629675e-01 2.860297331e+02
3.265281447e-01 2.835502859e+02
3.279999259e-01 2.810431956e+02
3.294783411e-01 2.785118891e+02
3.309634200e-01 2.759597124e+02
3.324551927e-01 2.733899281e+02
3.339536893e-01 2.708057130e+02
3.354589403e-01 2.682102490e+02
3.369709759e-01 2.656084646e+02
3.384898268e-01 2.630068106e+02
3.400155238e-01 2.604115672e+02
3.415480976e-01 2.578287793e+02
3.430875793e-01 2.552642585e+02
3.446340000e-01 2.527235865e+02
3.461873909e-01 2.502121196e+02
3.477477836e-01 2.477346562e+02
3.493152095e-01 2.452946406e+02
3.508897004e-01 2.428951242e+02
3.524712881e-01 2.405390274e+02
3.540600046e-01 2.382291455e+02
3.556558820e-01 2.359681549e+02
3.572589526e-01 2.337586200e+02
3.588692488e-01 2.316028437e+02
3.604868033e-01 2.294998783e+02
3.621116486e-01 2.274458754e+02
3.637438177e-01 2.254370045e+02
3.653833436e-01 2.234695619e+02
3.670302594e-01 2.215399649e+02
3.686845985e-01 2.196447462e+02
3.703463943e-01 2.177805491e+02
3.720156804e-01 2.159439224e+02
3.736924905e-01 2.141305913e+02
3.753768587e-01 2.123361465e+02
3.770688190e-01 2.105563203e+02
3.787684055e-01 2.087869833e+02
3.804756526e-01 2.070241422e+02
3.821905950e-01 2.052639380e+02
3.839132672e-01 2.035026613e+02
3.856437042e-01 2.017379587e+02
3.873819408e-01 1.999696079e+02
3.891280123e-01 1.981975989e+02
3.908819540e-01 1.964219331e+02
3.926438014e-01 1.946426228e+02
3.944135900e-01 1.928596915e+02
3.961913557e-01 1.910731735e+02
3.979771345e-01 1.892832252e+02
3.997709624e-01 1.874917966e+02
4.015728757e-01 1.857022139e+02
4.033829109e-01 1.839177272e+02
4.052011047e-01 1.821414679e+02
4.070274936e-01 1.803764504e+02
4.088621148e-01 1.786255730e+02
4.107050053e-01 1.768916203e+02
4.125562024e-01 1.751771467e+02
4.144157434e-01 1.734836172e+02
4.162836661e-01 1.718119480e+02
4.181600083e-01 1.701630099e+02
4.200448077e-01 1.685376336e+02
4.219381027e-01 1.669366106e+02
4.238399314e-01 1.653606953e+02
4.257503324e-01 1.638106064e+02
4.276693442e-01 1.622867806e+02
4.295970057e-01 1.607879929e+02
4.315333559e-01 1.593123908e+02
4.334784339e-01 1.578581806e+02
4.354322791e-01 1.564236275e+02
4.373949310e-01 1.550070530e+02
4.393664293e-01 1.536068338e+02
4.413468138e-01 1.522213998e+02
4.433361247e-01 1.508492227e+02
4.453344021e-01 1.494887407e+02
4.473416864e-01 1.481384037e+02
4.493580184e-01 1.467967148e+02
4.513834386e-01 1.454622297e+02
4.534179882e-01 1.441335554e+02
4.554617082e-01 1.428093503e+02
4.575146401e-01 1.414883232e+02
4.595768252e-01 1.401692996e+02
4.616483054e-01 1.388524334e+02
4.637291224e-01 1.375390291e+02
4.658193185e-01 1.362303875e+02
4.679189358e-01 1.349277626e+02
4.700280169e-01 1.336323625e+02
4.721466044e-01 1.323453497e+02
4.742747411e-01 1.310678416e+02
4.764124701e-01 1.298009117e+02
4.785598347e-01 1.285455319e+02
4.807168782e-01 1.273024675e+02
4.828836443e-01 1.260724219e+02
4.850601767e-01 1.248560678e+02
4.872465196e-01 1.236540478e+02
4.894427172e-01 1.224669761e+02
4.916488138e-01 1.212954383e+02
4.938648541e-01 1.201399933e+02
4.960908829e-01 1.190011448e+02
4.983269452e-01 1.178785028e+02
5.005730862e-01 1.167706920e+02
5.028293515e-01 1.156763290e+02
5.050957865e-01 1.145940773e+02
5.073724372e-01 1.135226463e+02
5.096593496e-01 1.124607899e+02
5.119565699e-01 1.114073058e+02
5.142641447e-01 1.103610343e+02
5.165821205e-01 1.093208839e+02
5.189105443e-01 1.082864474e+02
5.212494631e-01 1.072579974e+02
5.235989243e-01 1.062358273e+02
5.259589754e-01 1.052202187e+02
5.283296641e-01 1.042114423e+02
5.307110383e-01 1.032097576e+02
5.331031463e-01 1.022154132e+02
5.355060363e-01 1.012286472e+02
5.379197571e-01 1.002496870e+02
5.403443574e-01 9.927877053e+01
5.427798862e-01 9.831617525e+01
5.452263929e-01 9.736217399e+01
5.476839269e-01 9.641702695e+01
5.501525378e-01 9.548098198e+01
5.526322757e-01 9.455427497e+01
5.551231907e-01 9.363713005e+01
5.576253331e-01 9.272975998e+01
5.601387536e-01 9.183236645e+01
5.626635030e-01 9.094513450e+01
5.651996323e-01 9.006796933e+01
5.677471930e-01 8.920040183e+01
5.703062364e-01 8.834194998e+01
5.728768143e-01 8.749214737e+01
5.754589788e-01 8.665054281e+01
5.780527820e-01 8.581669995e+01
5.806582765e-01 8.499019696e+01
5.832755148e-01 8.417062621e+01
5.859045500e-01 8.335759397e+01
5.885454352e-01 8.255072012e+01
5.911982239e-01 8.174972916e+01
5.938629696e-01 8.095472583e+01
5.965397264e-01 8.016590389e+01
5.992285482e-01 7.938344847e+01
6.019294895e-01 7.860753622e+01
6.046426050e-01 7.783833550e+01
6.073679495e-01 7.707600656e+01
6.101055781e-01 7.632070169e+01
6.128555461e-01 7.557256545e+01
6.156179093e-01 7.483173484e+01
6.183927235e-01 7.409833948e+01
6.211800447e-01 7.337247291e+01
6.239799295e-01 7.265403284e+01
6.267924343e-01 7.194284210e+01
6.296176161e-01 7.123872804e+01
6.324555320e-01 7.054152261e+01
6.353062395e-01 6.985106227e+01
6.381697961e-01 6.916718789e+01
6.410462599e-01 6.848974467e+01
6.439356889e-01 6.781858202e+01
6.468381416e-01 6.715355348e+01
6.497536767e-01 6.649451665e+01
6.526823532e-01 6.584133308e+01
6.556242303e-01 6.519387344e+01
6.585793675e-01 6.455208375e+01
6.615478246e-01 6.391596259e+01
6.645296616e-01 6.328550832e+01
6.675249389e-01 6.266071791e+01
6.705337169e-01 6.204158699e+01
6.735560566e-01 6.142810990e+01
6.765920191e-01 6.082027969e+01
6.796416658e-01 6.021808817e+01
6.827050583e-01 5.962152594e+01
6.857822587e-01 5.903058246e+01
6.888733292e-01 5.844524602e+01
6.919783322e-01 5.786550383e+01
6.950973306e-01 5.729134201e+01
6.982303874e-01 5.672273919e+01
7.013775661e-01 5.615964039e+01
7.045389303e-01 5.560198085e+01
7.077145439e-01 5.504969676e+01
7.109044711e-01 5.450272529e+01
7.141087765e-01 5.396100460e+01
7.173275249e-01 5.342447373e+01
7.205607813e-01 5.289307269e+01
7.238086113e-01 5.236674238e+01
7.270710803e-01 5.184542459e+01
7.303482545e-01 5.132906200e+01
7.336402001e-01 5.081759814e+01
7.369469837e-01 5.031097739e+01
7.402686722e-01 4.980914498e+01
7.436053328e-01 4.931204693e+01
7.469570329e-01 4.881963011e+01
7.503238403e-01 4.833184461e+01
7.537058232e-01 4.784865073e+01
7.571030499e-01 4.737001138e+01
7.605155891e-01 4.689588966e+01
7.639435099e-01 4.642624887e+01
7.673868815e-01 4.596105250e+01
7.708457737e-01 4.550026426e+01
7.743202564e-01 4.504384803e+01
7.778103999e-01 4.459176790e+01
7.813162746e-01 4.414398818e+01
7.848379517e-01 4.370047335e+01
7.883755022e-01 4.326118811e+01
7.919289978e-01 4.282609735e+01
7.954985102e-01 4.239516618e+01
7.990841118e-01 4.196835989e+01
8.026858750e-01 4.154564399e+01
8.063038726e-01 4.112698419e+01
8.099381778e-01 4.071234638e+01
8.135888642e-01 4.030169669e+01
8.172560056e-01 3.989500133e+01
8.209396761e-01 3.949222543e+01
8.246399502e-01 3.909333342e+01
8.283569029e-01 3.869829003e+01
8.320906092e-01 3.830706027e+01
8.358411446e-01 3.791960945e+01
8.396085851e-01 3.753590316e+01
8.433930069e-01 3.715590729e+01
8.471944863e-01 3.677958802e+01
8.510131005e-01 3.640691179e+01
8.548489265e-01 3.603784536e+01
8.587020420e-01 3.567235574e+01
8.625725249e-01 3.531041023e+01
8.664604535e-01 3.495197641e+01
8.703659063e-01 3.459702213e+01
8.742889625e-01 3.424551551e+01
8.782297013e-01 3.389742494e+01
8.821882025e-01 3.355271907e+01
8.861645461e-01 3.321136685e+01
8.901588125e-01 3.287333745e+01
8.941710825e-01 3.253860032e+01
8.982014373e-01 3.220712519e+01
9.022499583e-01 3.187888201e+01
9.063167275e-01 3.155384102e+01
9.104018271e-01 3.123197269e+01
9.145053398e-01 3.091324775e+01
9.186273485e-01 3.059763722e+01
9.227679365e-01 3.028511238e+01
9.269271878e-01 2.997564475e+01
9.311051862e-01 2.966920612e+01
9.353020165e-01 2.936576848e+01
9.395177633e-01 2.906530411e+01
9.437525121e-01 2.876778548e+01
9.480063485e-01 2.847318532e+01
9.522793584e-01 2.818147659e+01
9.565716283e-01 2.789263246e+01
9.608832451e-01 2.760662637e+01
9.652142959e-01 2.732343196e+01
9.695648683e-01 2.704302310e+01
9.739350503e-01 2.676537389e+01
9.783249304e-01 2.649045864e+01
9.827345972e-01 2.621825189e+01
9.871641400e-01 2.594872842e+01
9.916136483e-01 2.568186319e+01
9.960832122e-01 2.541763139e+01
1.000572922e+00 2.515600845e+01
1.005082869e+00 2.489696997e+01
1.009613143e+00 2.464049179e+01
1.014163838e+00 2.438654994e+01
1.018735043e+00 2.413512069e+01
1.023326853e+00 2.388618048e+01
1.027939360e+00 2.363970598e+01
1.032572657e+00 2.339567404e+01
1.037226838e+00 2.315406174e+01
1.041901998e+00 2.291484633e+01
1.046598229e+00 2.267800528e+01
1.051315629e+00 2.244351625e+01
1.056054291e+00 2.221135709e+01
1.060814313e+00 2.198150585e+01
1.065595789e+00 2.175394077e+01
1.070398818e+00 2.152864029e+01
1.075223495e+00 2.130558302e+01
1.080069919e+00 2.108474779e+01
1.084938187e+00 2.086611360e+01
1.089828399e+00 2.064965963e+01
1.094740653e+00 2.043536525e+01
1.099675047e+00 2.022321001e+01
1.104631683e+00 2.001317365e+01
1.109610661e+00 1.980523607e+01
1.114612080e+00 1.959937736e+01
1.119636043e+00 1.939557778e+01
1.124682650e+00 1.919381778e+01
1.129752005e+00 1.899407795e+01
1.134844209e+00 1.879633909e+01
1.139959365e+00 1.860058214e+01
1.145097577e+00 1.840678823e+01
1.150258949e+00 1.821493864e+01
1.155443585e+00 1.802501483e+01
1.160651590e+00 1.783699842e+01
1.165883069e+00 1.765087119e+01
1.171138129e+00 1.746661509e+01
1.176416875e+00 1.728421222e+01
1.181719415e+00 1.710364486e+01
1.187045854e+00 1.692489543e+01
1.192396303e+00 1.674794650e+01
1.197770867e+00 1.657278082e+01
1.203169657e+00 1.639938128e+01
1.208592780e+00 1.622773093e+01
1.214040348e+00 1.605781296e+01
1.219512470e+00 1.588961072e+01
1.225009257e+00 1.572310771e+01
1.230530820e+00 1.555828758e+01
1.236077271e+00 1.539513412e+01
1.241648721e+00 1.523363127e+01
1.247245285e+00 1.507376312e+01
1.252867073e+00 1.491551389e+01
1.258514202e+00 1.475886796e+01
1.264186784e+00 1.460380983e+01
1.269884934e+00 1.445032417e+01
1.275608768e+00 1.429839576e+01
1.281358401e+00 1.414800953e+01
1.287133950e+00 1.399915055e+01
1.292935532e+00 1.385180401e+01
1.298763263e+00 1.370595526e+01
1.304617262e+00 1.356158977e+01
1.310497647e+00 1.341869312e+01
1.316404538e+00 1.327725107e+01
1.322338052e+00 1.313724946e+01
1.328298312e+00 1.299867427e+01
1.334285436e+00 1.286151162e+01
1.340299547e+00 1.272574775e+01
1.346340765e+00 1.259136901e+01
1.352409213e+00 1.245836189e+01
1.358505014e+00 1.232671302e+01
1.364628291e+00 1.219640911e+01
1.370779168e+00 1.206743703e+01
1.376957769e+00 1.193978376e+01
1.383164219e+00 1.181343640e+01
1.389398644e+00 1.168838215e+01
1.395661170e+00 1.156460837e+01
1.401951923e+00 1.144210250e+01
1.408271031e+00 1.132085210e+01
1.414618621e+00 1.120084486e+01
1.420994823e+00 1.108206858e+01
1.427399764e+00 1.096451117e+01
1.433833575e+00 1.084816064e+01
1.440296385e+00 1.073300514e+01
1.446788325e+00 1.061903289e+01
1.453309527e+00 1.050623227e+01
1.459860123e+00 1.039459172e+01
1.466440244e+00 1.028409981e+01
1.473050025e+00 1.017474522e+01
1.479689598e+00 1.006651673e+01
1.486359098e+00 9.959403216e+00
1.493058659e+00 9.853393672e+00
1.499788419e+00 9.748477186e+00
1.506548511e+00 9.644642951e+00
1.513339074e+00 9.541880260e+00
1.520160245e+00 9.440178508e+00
1.527012161e+00 9.339527185e+00
1.533894961e+00 9.239915884e+00
1.540808784e+00 9.141334293e+00
1.547753770e+00 9.043772198e+00
1.554730060e+00 8.947219479e+00
1.561737795e+00 8.851666114e+00
1.568777116e+00 8.757102172e+00
1.575848166e+00 8.663517818e+00
1.582951088e+00 8.570903308e+00
1.590086025e+00 8.479248991e+00
1.597253122e+00 8.388545306e+00
1.604452524e+00 8.298782781e+00
1.611684376e+00 8.209952037e+00
1.618948824e+00 8.122043780e+00
1.626246016e+00 8.035048806e+00
1.633576099e+00 7.948957997e+00
1.640939222e+00 7.863762322e+00
1.648335533e+00 7.779452834e+00
1.655765181e+00 7.696020673e+00
1.663228318e+00 7.613457054e+00
1.670725094e+00 7.531753271e+00
1.678255660e+00 7.450900704e+00
1.685820170e+00 7.370890812e+00
1.693418776e+00 7.291715137e+00
1.701051631e+00 7.213365301e+00
1.708718890e+00 7.135833009e+00
1.716420709e+00 7.059110041e+00
1.724157242e+00 6.983188259e+00
1.731928647e+00 6.908059602e+00
1.739735080e+00 6.833716086e+00
1.747576700e+00 6.760149805e+00
1.755453664e+00 6.687352925e+00
1.763366134e+00 6.615317693e+00
1.771314267e+00 6.544036426e+00
1.779298226e+00 6.473501516e+00
1.787318171e+00 6.403705429e+00
1.795374265e+00 6.334640704e+00
1.803466671e+00 6.266299950e+00
1.811595552e+00 6.198675849e+00
1.819761073e+00 6.131761153e+00
1.827963399e+00 6.065548683e+00
1.836202696e+00 6.000031330e+00
1.844479130e+00 5.935202055e+00
1.852792870e+00 5.871053885e+00
1.861144082e+00 5.807579915e+00
1.869532936e+00 5.744773309e+00
1.877959602e+00 5.682627293e+00
1.886424250e+00 5.621135163e+00
1.894927051e+00 5.560290278e+00
1.903468178e+00 5.500086060e+00
1.912047802e+00 5.440515998e+00
1.920666098e+00 5.381573641e+00
1.929323240e+00 5.323252604e+00
1.938019402e+00 5.265546561e+00
1.946754762e+00 5.208449249e+00
1.955529495e+00 5.151954468e+00
1.964343778e+00 5.096056073e+00
1.973197791e+00 5.040747985e+00
1.982091712e+00 4.986024181e+00
1.991025722e+00 4.931878696e+00
