# Matter correlation function
# Engine: CLASS
# Cosmology: Planck15
# Redshift: z = 1.
# Transformed: True
# Transformer: nbodykit.cosmology.correlation
# Transform options: extrap=True
# [0] r, [1] xi
5.002783810e-01 3.468749468e+00
5.025333178e-01 3.456713190e+00
5.047984186e-01 3.445243634e+00
5.070737289e-01 3.434342727e+00
5.093592949e-01 3.423903576e+00
5.116551628e-01 3.413730687e+00
5.139613790e-01 3.403579176e+00
5.162779901e-01 3.393204795e+00
5.186050431e-01 3.382415207e+00
5.209425849e-01 3.371111144e+00
5.232906629e-01 3.359308884e+00
5.256493245e-01 3.347138089e+00
5.280186175e-01 3.334815271e+00
5.303985897e-01 3.322597366e+00
5.327892894e-01 3.310725657e+00
5.351907648e-01 3.299371668e+00
5.376030645e-01 3.288597843e+00
5.400262373e-01 3.278341829e+00
5.424603323e-01 3.268429258e+00
5.449053986e-01 3.258612377e+00
5.473614857e-01 3.248626909e+00
5.498286433e-01 3.238253743e+00
5.523069213e-01 3.227371557e+00
5.547963698e-01 3.215986913e+00
5.572970391e-01 3.204234442e+00
5.598089799e-01 3.192345572e+00
5.623322428e-01 3.180593101e+00
5.648668791e-01 3.169224022e+00
5.674129399e-01 3.158397623e+00
5.699704767e-01 3.148144067e+00
5.725395412e-01 3.138355195e+00
5.751201855e-01 3.128810336e+00
5.777124617e-01 3.119232094e+00
5.803164222e-01 3.109357862e+00
5.829321197e-01 3.099009285e+00
5.855596071e-01 3.088140560e+00
5.881989375e-01 3.076852518e+00
5.908501644e-01 3.065367070e+00
5.935133413e-01 3.053968362e+00
5.961885221e-01 3.042925209e+00
5.988757609e-01 3.032416419e+00
6.015751121e-01 3.022479415e+00
6.042866303e-01 3.012997996e+00
6.070103702e-01 3.003733333e+00
6.097463871e-01 2.994391202e+00
6.124947361e-01 2.984706454e+00
6.152554730e-01 2.974521072e+00
6.180286536e-01 2.963832015e+00
6.208143338e-01 2.952794198e+00
6.236125702e-01 2.941675802e+00
6.264234192e-01 2.930778567e+00
6.292469377e-01 2.920345814e+00
6.320831828e-01 2.910486807e+00
6.349322120e-01 2.901140908e+00
6.377940827e-01 2.892094588e+00
6.406688530e-01 2.883046935e+00
6.435565809e-01 2.873704773e+00
6.464573248e-01 2.863877042e+00
6.493711434e-01 2.853538290e+00
6.522980957e-01 2.842838937e+00
6.552382408e-01 2.832057858e+00
6.581916383e-01 2.821510788e+00
6.611583477e-01 2.811444664e+00
6.641384292e-01 2.801952754e+00
6.671319431e-01 2.792940926e+00
6.701389497e-01 2.784157663e+00
6.731595101e-01 2.775279862e+00
6.761936852e-01 2.766025364e+00
6.792415364e-01 2.756253649e+00
6.823031255e-01 2.746017693e+00
6.853785142e-01 2.735547386e+00
6.884677648e-01 2.725167885e+00
6.915709398e-01 2.715181524e+00
6.946881019e-01 2.705755376e+00
6.978193142e-01 2.696857281e+00
7.009646401e-01 2.688265324e+00
7.041241430e-01 2.679649986e+00
7.072978870e-01 2.670699014e+00
7.104859362e-01 2.661238561e+00
7.136883551e-01 2.651302563e+00
7.169052085e-01 2.641122071e+00
7.201365614e-01 2.631035760e+00
7.233824792e-01 2.621355735e+00
7.266430276e-01 2.612240927e+00
7.299182724e-01 2.603630567e+00
7.332082799e-01 2.595266300e+00
7.365131167e-01 2.586797021e+00
7.398328496e-01 2.577924420e+00
7.431675457e-01 2.568529627e+00
7.465172726e-01 2.558725810e+00
7.498820978e-01 2.548812567e+00
7.532620896e-01 2.539148278e+00
7.566573162e-01 2.529994432e+00
7.600678463e-01 2.521399045e+00
7.634937490e-01 2.513172873e+00
7.669350934e-01 2.504971166e+00
7.703919492e-01 2.496447796e+00
7.738643864e-01 2.487412911e+00
7.773524751e-01 2.477922298e+00
7.808562858e-01 2.468254285e+00
7.843758895e-01 2.458782294e+00
7.879113574e-01 2.449799531e+00
7.914627609e-01 2.441378530e+00
7.950301718e-01 2.433333479e+00
7.986136624e-01 2.425307260e+00
8.022133051e-01 2.416943698e+00
8.058291726e-01 2.408063247e+00
8.094613383e-01 2.398754166e+00
8.131098754e-01 2.389331611e+00
8.167748577e-01 2.380180780e+00
8.204563595e-01 2.371561398e+00
8.241544552e-01 2.363472418e+00
8.278692195e-01 2.355649589e+00
8.316007277e-01 2.347700439e+00
8.353490551e-01 2.339310073e+00
8.391142775e-01 2.330409555e+00
8.428964712e-01 2.321215982e+00
8.466957127e-01 2.312118083e+00
8.505120786e-01 2.303466035e+00
8.543456464e-01 2.295377874e+00
8.581964934e-01 2.287671305e+00
8.620646976e-01 2.279962147e+00
8.659503372e-01 2.271879270e+00
8.698534908e-01 2.263276144e+00
8.737742373e-01 2.254317864e+00
8.777126561e-01 2.245388852e+00
8.816688268e-01 2.236870707e+00
8.856428293e-01 2.228916869e+00
8.896347441e-01 2.221358809e+00
8.936446520e-01 2.213803217e+00
8.976726339e-01 2.205867547e+00
9.017187715e-01 2.197413424e+00
9.057831464e-01 2.188634784e+00
9.098658410e-01 2.179941120e+00
9.139669378e-01 2.171703722e+00
9.180865197e-01 2.164020609e+00
9.222246701e-01 2.156651101e+00
9.263814726e-01 2.149166307e+00
9.305570113e-01 2.141224887e+00
9.347513707e-01 2.132796819e+00
9.389646356e-01 2.124186857e+00
9.431968913e-01 2.115835694e+00
9.474482232e-01 2.108026394e+00
9.517187175e-01 2.100691150e+00
9.560084604e-01 2.093453649e+00
9.603175388e-01 2.085883965e+00
9.646460397e-01 2.077796015e+00
9.689940508e-01 2.069380148e+00
9.733616599e-01 2.061073362e+00
9.777489555e-01 2.053251306e+00
9.821560262e-01 2.045958499e+00
9.865829611e-01 2.038872252e+00
9.910298499e-01 2.031533898e+00
9.954967824e-01 2.023684187e+00
9.999838491e-01 2.015457789e+00
1.004491141e+00 2.007286803e+00
1.009018748e+00 1.999578512e+00
1.013566763e+00 1.992405355e+00
1.018135278e+00 1.985445855e+00
1.022724384e+00 1.978228544e+00
1.027334175e+00 1.970497882e+00
1.031964745e+00 1.962417241e+00
1.036616186e+00 1.954444151e+00
1.041288593e+00 1.946967688e+00
1.045982060e+00 1.939994364e+00
1.050696682e+00 1.933138482e+00
1.055432554e+00 1.925934026e+00
1.060189773e+00 1.918218582e+00
1.064968435e+00 1.910272035e+00
1.069768635e+00 1.902586021e+00
1.074590472e+00 1.895449932e+00
1.079434043e+00 1.888701409e+00
1.084299445e+00 1.881861475e+00
1.089186778e+00 1.874546829e+00
1.094096140e+00 1.866806571e+00
1.099027629e+00 1.859083222e+00
1.103981347e+00 1.851823143e+00
1.108957393e+00 1.845075803e+00
1.113955868e+00 1.838444987e+00
1.118976873e+00 1.831445401e+00
1.124020509e+00 1.823948277e+00
1.129086879e+00 1.816304289e+00
1.134176085e+00 1.809020760e+00
1.139288230e+00 1.802284763e+00
1.144423417e+00 1.795782140e+00
1.149581750e+00 1.788993215e+00
1.154763334e+00 1.781692956e+00
1.159968273e+00 1.774172990e+00
1.165196672e+00 1.766960582e+00
1.170448638e+00 1.760298704e+00
1.175724277e+00 1.753900748e+00
1.181023694e+00 1.747233425e+00
1.186346998e+00 1.740055550e+00
1.191694296e+00 1.732667477e+00
1.197065696e+00 1.725606888e+00
1.202461308e+00 1.719091898e+00
1.207881239e+00 1.712789411e+00
1.213325599e+00 1.706161430e+00
1.218794500e+00 1.699036294e+00
1.224288051e+00 1.691796402e+00
1.229806363e+00 1.684969776e+00
1.235349548e+00 1.678654987e+00
1.240917718e+00 1.672408690e+00
1.246510987e+00 1.665731862e+00
1.252129466e+00 1.658627346e+00
1.257773269e+00 1.651601222e+00
1.263442512e+00 1.645092797e+00
1.269137307e+00 1.638970629e+00
1.274857771e+00 1.632679006e+00
1.280604020e+00 1.625880404e+00
1.286376168e+00 1.618853615e+00
1.292174334e+00 1.612169623e+00
1.297998635e+00 1.606013938e+00
1.303849187e+00 1.599959918e+00
1.309726111e+00 1.593479920e+00
1.315629523e+00 1.586588191e+00
1.321559545e+00 1.579828440e+00
1.327516295e+00 1.573604172e+00
1.333499895e+00 1.567673212e+00
1.339510464e+00 1.561446752e+00
1.345548126e+00 1.554734067e+00
1.351613001e+00 1.547989934e+00
1.357705214e+00 1.541733873e+00
1.363824885e+00 1.535875044e+00
1.369972141e+00 1.529826067e+00
1.376147104e+00 1.523274169e+00
1.382349901e+00 1.516600032e+00
1.388580655e+00 1.510372881e+00
1.394839494e+00 1.504582691e+00
1.401126544e+00 1.498648653e+00
1.407441931e+00 1.492212020e+00
1.413785785e+00 1.485634191e+00
1.420158232e+00 1.479498909e+00
1.426559403e+00 1.473793430e+00
1.432989426e+00 1.467921788e+00
1.439448431e+00 1.461550380e+00
1.445936549e+00 1.455090130e+00
1.452453912e+00 1.449106666e+00
1.459000651e+00 1.443495541e+00
1.465576898e+00 1.437630328e+00
1.472182787e+00 1.431287754e+00
1.478818451e+00 1.424984344e+00
1.485484025e+00 1.419204497e+00
1.492179642e+00 1.413664858e+00
1.498905440e+00 1.407741830e+00
1.505661552e+00 1.401429540e+00
1.512448117e+00 1.395353849e+00
1.519265272e+00 1.389797823e+00
1.526113154e+00 1.384253163e+00
1.532991902e+00 1.378221264e+00
1.539901655e+00 1.372011297e+00
1.546842552e+00 1.366247425e+00
1.553814735e+00 1.360857435e+00
1.560818344e+00 1.355185618e+00
1.567853521e+00 1.349069897e+00
1.574920408e+00 1.343114288e+00
1.582019148e+00 1.337683616e+00
1.589149885e+00 1.332286475e+00
1.596312762e+00 1.326404189e+00
1.603507925e+00 1.320377883e+00
1.610735519e+00 1.314826438e+00
1.617995691e+00 1.309573319e+00
1.625288587e+00 1.303950327e+00
1.632614355e+00 1.297971651e+00
1.639973142e+00 1.292313290e+00
1.647365099e+00 1.287108151e+00
1.654790373e+00 1.281703391e+00
1.662249116e+00 1.275839771e+00
1.669741478e+00 1.270128098e+00
1.677267611e+00 1.264929771e+00
1.684827667e+00 1.259685318e+00
1.692421799e+00 1.253953553e+00
1.700050161e+00 1.248242436e+00
1.707712906e+00 1.243051825e+00
1.715410190e+00 1.237919718e+00
1.723142169e+00 1.232304503e+00
1.730908998e+00 1.226633152e+00
1.738710836e+00 1.221473813e+00
1.746547839e+00 1.216421266e+00
1.754420166e+00 1.210892695e+00
1.762327977e+00 1.205287554e+00
1.770271431e+00 1.200191248e+00
1.778250689e+00 1.195194057e+00
1.786265913e+00 1.189719112e+00
1.794317264e+00 1.184203159e+00
1.802404905e+00 1.179200444e+00
1.810529001e+00 1.174232562e+00
1.818689715e+00 1.168783701e+00
1.826887212e+00 1.163386692e+00
1.835121658e+00 1.158497741e+00
1.843393219e+00 1.153522536e+00
1.851702064e+00 1.148088751e+00
1.860048360e+00 1.142852852e+00
1.868432275e+00 1.138073718e+00
1.876853980e+00 1.133043476e+00
1.885313645e+00 1.127646646e+00
1.893811440e+00 1.122619309e+00
1.902347538e+00 1.117904382e+00
1.910922111e+00 1.112777685e+00
1.919535333e+00 1.107487933e+00
1.928187378e+00 1.102692273e+00
1.936878421e+00 1.097946774e+00
1.945608638e+00 1.092730417e+00
1.954378204e+00 1.087657956e+00
1.963187299e+00 1.083042231e+00
1.972036099e+00 1.078154799e+00
1.980924784e+00 1.072953530e+00
1.989853534e+00 1.068184666e+00
1.998822528e+00 1.063589524e+00
2.007831950e+00 1.058528255e+00
2.016881980e+00 1.053538618e+00
2.025972801e+00 1.049019039e+00
2.035104599e+00 1.044245191e+00
2.044277557e+00 1.039166832e+00
2.053491860e+00 1.034534742e+00
2.062747696e+00 1.030013029e+00
2.072045251e+00 1.025028126e+00
2.081384714e+00 1.020228956e+00
2.090766273e+00 1.015825466e+00
2.100190118e+00 1.011046443e+00
2.109656440e+00 1.006139949e+00
2.119165430e+00 1.001726025e+00
2.128717280e+00 9.971686908e-01
2.138312185e+00 9.922555721e-01
2.147950337e+00 9.877628294e-01
2.157631931e+00 9.833790872e-01
2.167357164e+00 9.785435457e-01
2.177126232e+00 9.739633552e-01
2.186939333e+00 9.696882153e-01
2.196796665e+00 9.649742310e-01
2.206698428e+00 9.603338981e-01
2.216644822e+00 9.561145825e-01
2.226636048e+00 9.515309995e-01
2.236672307e+00 9.468671877e-01
2.246753804e+00 9.426746129e-01
2.256880742e+00 9.382078938e-01
2.267053325e+00 9.335525764e-01
2.277271761e+00 9.293777571e-01
2.287536254e+00 9.250059825e-01
2.297847013e+00 9.203800965e-01
2.308204246e+00 9.162286226e-01
2.318608164e+00 9.119275205e-01
2.329058975e+00 9.073438370e-01
2.339556893e+00 9.032276793e-01
2.350102128e+00 8.989746704e-01
2.360694894e+00 8.944406635e-01
2.371335406e+00 8.903744423e-01
2.382023878e+00 8.861468284e-01
2.392760527e+00 8.816715848e-01
2.403545571e+00 8.776662993e-01
2.414379226e+00 8.734424651e-01
2.425261713e+00 8.690398315e-01
2.436193251e+00 8.650995580e-01
2.447174061e+00 8.608586212e-01
2.458204366e+00 8.565523537e-01
2.469284388e+00 8.526659139e-01
2.480414353e+00 8.483956697e-01
2.491594484e+00 8.442160691e-01
2.502825008e+00 8.403533079e-01
2.514106152e+00 8.360591782e-01
2.525438144e+00 8.320357269e-01
2.536821213e+00 8.281450063e-01
2.548255591e+00 8.238659019e-01
2.559741507e+00 8.200039025e-01
2.571279194e+00 8.160293732e-01
2.582868886e+00 8.118396046e-01
2.594510817e+00 8.080965147e-01
2.606205222e+00 8.040108730e-01
2.617952339e+00 8.000010562e-01
2.629752403e+00 7.962724804e-01
2.641605655e+00 7.921260848e-01
2.653512334e+00 7.883398415e-01
2.665472681e+00 7.845015094e-01
2.677486937e+00 7.804323436e-01
2.689555346e+00 7.767990521e-01
2.701678152e+00 7.728025431e-01
2.713855599e+00 7.689649030e-01
2.726087935e+00 7.652958962e-01
2.738375406e+00 7.612663160e-01
2.750718262e+00 7.576692466e-01
2.763116751e+00 7.538119569e-01
2.775571124e+00 7.499828731e-01
2.788081635e+00 7.464151420e-01
2.800648534e+00 7.424575896e-01
2.813272077e+00 7.389136018e-01
2.825952519e+00 7.351388390e-01
2.838690117e+00 7.313822899e-01
2.851485127e+00 7.278717470e-01
2.864337809e+00 7.239909010e-01
2.877248423e+00 7.205309877e-01
2.890217230e+00 7.167835450e-01
2.903244491e+00 7.131568207e-01
2.916330472e+00 7.096579236e-01
2.929475436e+00 7.058744505e-01
2.942679648e+00 7.025037578e-01
2.955943377e+00 6.987503698e-01
2.969266891e+00 6.953087908e-01
2.982650458e+00 6.917465265e-01
2.996094350e+00 6.881439457e-01
3.009598839e+00 6.847796607e-01
3.023164197e+00 6.810836759e-01
3.036790700e+00 6.777976114e-01
3.050478621e+00 6.741501416e-01
3.064228240e+00 6.708065919e-01
3.078039833e+00 6.673139739e-01
3.091913679e+00 6.638489949e-01
3.105850060e+00 6.605283956e-01
3.119849258e+00 6.569668248e-01
3.133911555e+00 6.537608045e-01
3.148037236e+00 6.501795409e-01
3.162226586e+00 6.470040523e-01
3.176479893e+00 6.434827388e-01
3.190797445e+00 6.402702065e-01
3.205179532e+00 6.368589516e-01
3.219626443e+00 6.335780408e-01
3.234138473e+00 6.302895942e-01
3.248715913e+00 6.269431663e-01
3.263359059e+00 6.237620179e-01
3.278068207e+00 6.203738934e-01
3.292843654e+00 6.172710657e-01
3.307685700e+00 6.138716840e-01
3.322594644e+00 6.108172660e-01
3.337570789e+00 6.074336961e-01
3.352614436e+00 6.044040565e-01
3.367725890e+00 6.010554278e-01
3.382905458e+00 5.980355030e-01
3.398153445e+00 5.947325225e-01
3.413470160e+00 5.917149898e-01
3.428855913e+00 5.884616208e-01
3.444311016e+00 5.854447574e-01
3.459835780e+00 5.822405196e-01
3.475430520e+00 5.792259579e-01
3.491095552e+00 5.760679788e-01
3.506831191e+00 5.730589274e-01
3.522637757e+00 5.699434173e-01
3.538515568e+00 5.669434886e-01
3.554464947e+00 5.638666339e-01
3.570486215e+00 5.608791929e-01
3.586579697e+00 5.578376060e-01
3.602745718e+00 5.548654843e-01
3.618984605e+00 5.518563622e-01
3.635296687e+00 5.489017928e-01
3.651682294e+00 5.459229159e-01
3.668141756e+00 5.429875806e-01
3.684675407e+00 5.400372374e-01
3.701283581e+00 5.371223579e-01
3.717966614e+00 5.341992463e-01
3.734724844e+00 5.313056830e-01
3.751558609e+00 5.284088160e-01
3.768468251e+00 5.255371565e-01
3.785454110e+00 5.226657818e-01
3.802516530e+00 5.198164129e-01
3.819655857e+00 5.169699498e-01
3.836872438e+00 5.141431118e-01
3.854166619e+00 5.113211034e-01
3.871538752e+00 5.085169327e-01
3.888989187e+00 5.057190109e-01
3.906518278e+00 5.029375688e-01
3.924126379e+00 5.001634287e-01
3.941813846e+00 4.974047236e-01
3.959581037e+00 4.946541062e-01
3.977428311e+00 4.919181086e-01
3.995356029e+00 4.891907872e-01
4.013364554e+00 4.864774407e-01
4.031454250e+00 4.837732125e-01
4.049625483e+00 4.810824410e-01
4.067878620e+00 4.784011207e-01
4.086214031e+00 4.757328348e-01
4.104632086e+00 4.730742498e-01
4.123133158e+00 4.704283498e-01
4.141717621e+00 4.677923375e-01
4.160385851e+00 4.651687165e-01
4.179138225e+00 4.625551216e-01
4.197975123e+00 4.599536680e-01
4.216896926e+00 4.573623409e-01
4.235904017e+00 4.547829391e-01
4.254996779e+00 4.522137350e-01
4.274175600e+00 4.496562673e-01
4.293440866e+00 4.471090451e-01
4.312792968e+00 4.445733922e-01
4.332232297e+00 4.420480141e-01
4.351759246e+00 4.395340555e-01
4.371374210e+00 4.370303863e-01
4.391077586e+00 4.345380010e-01
4.410869772e+00 4.320559080e-01
4.430751168e+00 4.295849751e-01
4.450722178e+00 4.271243277e-01
4.470783204e+00 4.246747259e-01
4.490934652e+00 4.222353956e-01
4.511176931e+00 4.198070046e-01
4.531510448e+00 4.173888644e-01
4.551935617e+00 4.149815642e-01
4.572452848e+00 4.125844891e-01
4.593062559e+00 4.101981603e-01
4.613765165e+00 4.078220267e-01
4.634561085e+00 4.054565511e-01
4.655450740e+00 4.031012371e-01
4.676434552e+00 4.007564967e-01
4.697512946e+00 3.984218819e-01
4.718686348e+00 3.960977601e-01
4.739955186e+00 3.937837255e-01
4.761319891e+00 3.914801065e-01
4.782780894e+00 3.891865346e-01
4.804338630e+00 3.869033037e-01
4.825993534e+00 3.846300781e-01
4.847746045e+00 3.823671216e-01
4.869596602e+00 3.801141273e-01
4.891545648e+00 3.778713324e-01
4.913593626e+00 3.756384558e-01
4.935740982e+00 3.734157109e-01
4.957988164e+00 3.712028393e-01
4.980335623e+00 3.690000334e-01
5.002783810e+00 3.668070554e-01
5.025333179e+00 3.646240788e-01
5.047984186e+00 3.624508841e-01
5.070737289e+00 3.602876279e-01
5.093592949e+00 3.581341070e-01
5.116551628e+00 3.559904630e-01
5.139613790e+00 3.538565073e-01
5.162779901e+00 3.517323683e-01
5.186050431e+00 3.496178703e-01
5.209425849e+00 3.475131296e-01
5.232906629e+00 3.454179825e-01
5.256493245e+00 3.433325341e-01
5.280186175e+00 3.412566316e-01
5.303985898e+00 3.391903700e-01
5.327892894e+00 3.371336066e-01
5.351907648e+00 3.350864271e-01
5.376030645e+00 3.330486975e-01
5.400262374e+00 3.310204954e-01
5.424603323e+00 3.290016949e-01
5.449053986e+00 3.269923662e-01
5.473614857e+00 3.249923904e-01
5.498286433e+00 3.230018309e-01
5.523069213e+00 3.210205755e-01
5.547963698e+00 3.190486814e-01
5.572970391e+00 3.170860424e-01
5.598089799e+00 3.151327098e-01
5.623322429e+00 3.131885830e-01
5.648668791e+00 3.112537081e-01
5.674129399e+00 3.093279893e-01
5.699704767e+00 3.074114679e-01
5.725395412e+00 3.055040528e-01
5.751201855e+00 3.036057805e-01
5.777124617e+00 3.017165644e-01
5.803164222e+00 2.998364367e-01
5.829321197e+00 2.979653145e-01
5.855596071e+00 2.961032262e-01
5.881989375e+00 2.942500926e-01
5.908501644e+00 2.924059381e-01
5.935133413e+00 2.905706870e-01
5.961885221e+00 2.887443604e-01
5.988757609e+00 2.869268851e-01
6.015751121e+00 2.851182795e-01
6.042866303e+00 2.833184730e-01
6.070103702e+00 2.815274809e-01
6.097463871e+00 2.797452352e-01
6.124947362e+00 2.779717484e-01
6.152554730e+00 2.762069550e-01
6.180286536e+00 2.744508646e-01
6.208143338e+00 2.727034140e-01
6.236125702e+00 2.709646104e-01
6.264234192e+00 2.692343924e-01
6.292469377e+00 2.675127651e-01
6.320831829e+00 2.657996687e-01
6.349322120e+00 2.640951064e-01
6.377940828e+00 2.623990199e-01
6.406688530e+00 2.607114105e-01
6.435565809e+00 2.590322214e-01
6.464573248e+00 2.573614521e-01
6.493711435e+00 2.556990472e-01
6.522980957e+00 2.540450044e-01
6.552382409e+00 2.523992698e-01
6.581916383e+00 2.507618393e-01
6.611583477e+00 2.491326604e-01
6.641384292e+00 2.475117275e-01
6.671319431e+00 2.458989891e-01
6.701389497e+00 2.442944385e-01
6.731595101e+00 2.426980251e-01
6.761936852e+00 2.411097409e-01
6.792415364e+00 2.395295365e-01
6.823031255e+00 2.379574026e-01
6.853785142e+00 2.363932909e-01
6.884677648e+00 2.348371910e-01
6.915709398e+00 2.332890556e-01
6.946881019e+00 2.317488732e-01
6.978193142e+00 2.302165975e-01
7.009646401e+00 2.286922161e-01
7.041241430e+00 2.271756837e-01
7.072978870e+00 2.256669870e-01
7.104859362e+00 2.241660815e-01
7.136883552e+00 2.226729533e-01
7.169052085e+00 2.211875588e-01
7.201365615e+00 2.197098835e-01
7.233824792e+00 2.182398845e-01
7.266430276e+00 2.167775467e-01
7.299182724e+00 2.153228282e-01
7.332082799e+00 2.138757134e-01
7.365131167e+00 2.124361611e-01
7.398328496e+00 2.110041554e-01
7.431675457e+00 2.095796560e-01
7.465172726e+00 2.081626463e-01
7.498820978e+00 2.067530872e-01
7.532620896e+00 2.053509617e-01
7.566573162e+00 2.039562312e-01
7.600678464e+00 2.025688788e-01
7.634937490e+00 2.011888668e-01
7.669350934e+00 1.998161778e-01
7.703919493e+00 1.984507747e-01
7.738643864e+00 1.970926405e-01
7.773524751e+00 1.957417386e-01
7.808562858e+00 1.943980518e-01
7.843758895e+00 1.930615444e-01
7.879113574e+00 1.917321989e-01
7.914627609e+00 1.904099805e-01
7.950301718e+00 1.890948716e-01
7.986136624e+00 1.877868382e-01
8.022133051e+00 1.864858625e-01
8.058291727e+00 1.851919112e-01
8.094613383e+00 1.839049666e-01
8.131098754e+00 1.826249959e-01
8.167748578e+00 1.813519814e-01
8.204563596e+00 1.800858909e-01
8.241544552e+00 1.788267067e-01
8.278692196e+00 1.775743972e-01
8.316007277e+00 1.763289446e-01
8.353490551e+00 1.750903180e-01
8.391142775e+00 1.738584993e-01
8.428964712e+00 1.726334582e-01
8.466957127e+00 1.714151765e-01
8.505120787e+00 1.702036244e-01
8.543456464e+00 1.689987837e-01
8.581964934e+00 1.678006247e-01
8.620646976e+00 1.666091293e-01
8.659503372e+00 1.654242682e-01
8.698534908e+00 1.642460231e-01
8.737742374e+00 1.630743649e-01
8.777126561e+00 1.619092752e-01
8.816688268e+00 1.607507251e-01
8.856428293e+00 1.595986961e-01
8.896347442e+00 1.584531595e-01
8.936446520e+00 1.573140965e-01
8.976726340e+00 1.561814786e-01
9.017187715e+00 1.550552867e-01
9.057831465e+00 1.539354924e-01
9.098658410e+00 1.528220764e-01
9.139669378e+00 1.517150104e-01
9.180865197e+00 1.506142747e-01
9.222246701e+00 1.495198411e-01
9.263814726e+00 1.484316896e-01
9.305570113e+00 1.473497921e-01
9.347513707e+00 1.462741281e-01
9.389646357e+00 1.452046694e-01
9.431968913e+00 1.441413955e-01
9.474482232e+00 1.430842782e-01
9.517187175e+00 1.420332963e-01
9.560084604e+00 1.409884217e-01
9.603175388e+00 1.399496332e-01
9.646460397e+00 1.389169024e-01
9.689940508e+00 1.378902077e-01
9.733616600e+00 1.368695210e-01
9.777489555e+00 1.358548202e-01
9.821560262e+00 1.348460772e-01
9.865829612e+00 1.338432697e-01
9.910298499e+00 1.328463697e-01
9.954967825e+00 1.318553547e-01
9.999838491e+00 1.308701966e-01
1.004491141e+01 1.298908727e-01
1.009018748e+01 1.289173553e-01
1.013566763e+01 1.279496213e-01
1.018135278e+01 1.269876429e-01
1.022724384e+01 1.260313977e-01
1.027334176e+01 1.250808573e-01
1.031964745e+01 1.241359995e-01
1.036616186e+01 1.231967964e-01
1.041288593e+01 1.222632253e-01
1.045982060e+01 1.213352590e-01
1.050696682e+01 1.204128748e-01
1.055432554e+01 1.194960458e-01
1.060189773e+01 1.185847491e-01
1.064968435e+01 1.176789581e-01
1.069768636e+01 1.167786506e-01
1.074590472e+01 1.158838005e-01
1.079434043e+01 1.149943850e-01
1.084299446e+01 1.141103785e-01
1.089186778e+01 1.132317592e-01
1.094096140e+01 1.123585013e-01
1.099027629e+01 1.114905834e-01
1.103981347e+01 1.106279801e-01
1.108957393e+01 1.097706702e-01
1.113955868e+01 1.089186289e-01
1.118976873e+01 1.080718351e-01
1.124020510e+01 1.072302645e-01
1.129086879e+01 1.063938965e-01
1.134176085e+01 1.055627069e-01
1.139288230e+01 1.047366752e-01
1.144423417e+01 1.039157780e-01
1.149581750e+01 1.030999948e-01
1.154763334e+01 1.022893024e-01
1.159968273e+01 1.014836809e-01
1.165196672e+01 1.006831072e-01
1.170448638e+01 9.988756123e-02
1.175724277e+01 9.909702036e-02
1.181023694e+01 9.831146500e-02
1.186346998e+01 9.753087234e-02
1.191694296e+01 9.675522273e-02
1.197065696e+01 9.598449378e-02
1.202461308e+01 9.521866556e-02
1.207881239e+01 9.445771604e-02
1.213325599e+01 9.370162538e-02
1.218794500e+01 9.295037102e-02
1.224288051e+01 9.220393331e-02
1.229806363e+01 9.146228995e-02
1.235349548e+01 9.072542087e-02
1.240917718e+01 8.999330371e-02
1.246510987e+01 8.926591814e-02
1.252129466e+01 8.854324195e-02
1.257773269e+01 8.782525476e-02
1.263442512e+01 8.711193373e-02
1.269137307e+01 8.640325868e-02
1.274857771e+01 8.569920666e-02
1.280604020e+01 8.499975693e-02
1.286376168e+01 8.430488692e-02
1.292174334e+01 8.361457547e-02
1.297998635e+01 8.292879968e-02
1.303849187e+01 8.224753873e-02
1.309726111e+01 8.157076933e-02
1.315629523e+01 8.089847064e-02
1.321559545e+01 8.023061936e-02
1.327516295e+01 7.956719450e-02
1.333499895e+01 7.890817290e-02
1.339510464e+01 7.825353356e-02
1.345548126e+01 7.760325332e-02
1.351613001e+01 7.695731124e-02
1.357705214e+01 7.631568431e-02
1.363824886e+01 7.567835172e-02
1.369972141e+01 7.504529089e-02
1.376147105e+01 7.441648078e-02
1.382349901e+01 7.379189929e-02
1.388580655e+01 7.317152571e-02
1.394839494e+01 7.255533797e-02
1.401126544e+01 7.194331575e-02
1.407441931e+01 7.133543752e-02
1.413785785e+01 7.073168302e-02
1.420158232e+01 7.013203119e-02
1.426559403e+01 6.953646211e-02
1.432989426e+01 6.894495501e-02
1.439448431e+01 6.835749053e-02
1.445936549e+01 6.777404810e-02
1.452453912e+01 6.719460859e-02
1.459000651e+01 6.661915191e-02
1.465576898e+01 6.604765932e-02
1.472182787e+01 6.548011088e-02
1.478818451e+01 6.491648812e-02
1.485484025e+01 6.435677139e-02
1.492179642e+01 6.380094253e-02
1.498905440e+01 6.324898192e-02
1.505661552e+01 6.270087164e-02
1.512448117e+01 6.215659224e-02
1.519265272e+01 6.161612563e-02
1.526113154e+01 6.107945270e-02
1.532991902e+01 6.054655530e-02
1.539901655e+01 6.001741425e-02
1.546842552e+01 5.949201146e-02
1.553814735e+01 5.897032756e-02
1.560818344e+01 5.845234437e-02
1.567853521e+01 5.793804252e-02
1.574920408e+01 5.742740362e-02
1.582019148e+01 5.692040822e-02
1.589149885e+01 5.641703772e-02
1.596312762e+01 5.591727262e-02
1.603507925e+01 5.542109410e-02
1.610735519e+01 5.492848251e-02
1.617995691e+01 5.443941892e-02
1.625288587e+01 5.395388360e-02
1.632614355e+01 5.347185755e-02
1.639973142e+01 5.299332102e-02
1.647365099e+01 5.251825487e-02
1.654790373e+01 5.204663947e-02
1.662249116e+01 5.157845571e-02
1.669741478e+01 5.111368396e-02
1.677267611e+01 5.065230532e-02
1.684827667e+01 5.019430026e-02
1.692421799e+01 4.973965011e-02
1.700050161e+01 4.928833555e-02
1.707712906e+01 4.884033822e-02
1.715410190e+01 4.839563908e-02
1.723142169e+01 4.795422000e-02
1.730908998e+01 4.751606241e-02
1.738710836e+01 4.708114845e-02
1.746547839e+01 4.664945993e-02
1.754420166e+01 4.622097943e-02
1.762327977e+01 4.579568903e-02
1.770271431e+01 4.537357170e-02
1.778250689e+01 4.495460992e-02
1.786265913e+01 4.453878691e-02
1.794317264e+01 4.412608551e-02
1.802404905e+01 4.371648924e-02
1.810529001e+01 4.330998106e-02
1.818689715e+01 4.290654475e-02
1.826887212e+01 4.250616353e-02
1.835121658e+01 4.210882121e-02
1.843393219e+01 4.171450111e-02
1.851702064e+01 4.132318702e-02
1.860048360e+01 4.093486228e-02
1.868432275e+01 4.054951076e-02
1.876853980e+01 4.016711562e-02
1.885313645e+01 3.978766060e-02
1.893811440e+01 3.941112889e-02
1.902347538e+01 3.903750402e-02
1.910922111e+01 3.866676901e-02
1.919535333e+01 3.829890727e-02
1.928187378e+01 3.793390168e-02
1.936878421e+01 3.757173555e-02
1.945608638e+01 3.721239164e-02
1.954378205e+01 3.685585320e-02
1.963187299e+01 3.650210298e-02
1.972036099e+01 3.615112416e-02
1.980924784e+01 3.580289951e-02
1.989853534e+01 3.545741230e-02
1.998822529e+01 3.511464546e-02
2.007831950e+01 3.477458243e-02
2.016881980e+01 3.443720630e-02
2.025972801e+01 3.410250078e-02
2.035104599e+01 3.377044919e-02
2.044277557e+01 3.344103556e-02
2.053491860e+01 3.311424366e-02
2.062747696e+01 3.279005773e-02
2.072045251e+01 3.246846192e-02
2.081384714e+01 3.214944085e-02
2.090766273e+01 3.183297902e-02
2.100190118e+01 3.151906138e-02
2.109656440e+01 3.120767269e-02
2.119165430e+01 3.089879822e-02
2.128717280e+01 3.059242296e-02
2.138312185e+01 3.028853229e-02
2.147950337e+01 2.998711143e-02
2.157631931e+01 2.968814588e-02
2.167357164e+01 2.939162083e-02
2.177126232e+01 2.909752181e-02
2.186939333e+01 2.880583397e-02
2.196796666e+01 2.851654273e-02
2.206698428e+01 2.822963324e-02
2.216644822e+01 2.794509071e-02
2.226636048e+01 2.766290012e-02
2.236672307e+01 2.738304664e-02
2.246753804e+01 2.710551501e-02
2.256880742e+01 2.683029029e-02
2.267053325e+01 2.655735720e-02
2.277271761e+01 2.628670064e-02
2.287536254e+01 2.601830536e-02
2.297847013e+01 2.575215631e-02
2.308204247e+01 2.548823823e-02
2.318608164e+01 2.522653627e-02
2.329058975e+01 2.496703535e-02
2.339556893e+01 2.470972077e-02
2.350102128e+01 2.445457782e-02
2.360694894e+01 2.420159211e-02
2.371335406e+01 2.395074920e-02
2.382023878e+01 2.370203514e-02
2.392760528e+01 2.345543584e-02
2.403545571e+01 2.321093773e-02
2.414379226e+01 2.296852712e-02
2.425261713e+01 2.272819073e-02
2.436193251e+01 2.248991522e-02
2.447174061e+01 2.225368759e-02
2.458204366e+01 2.201949468e-02
2.469284389e+01 2.178732369e-02
2.480414353e+01 2.155716161e-02
2.491594484e+01 2.132899565e-02
2.502825008e+01 2.110281284e-02
2.514106152e+01 2.087860037e-02
2.525438144e+01 2.065634518e-02
2.536821213e+01 2.043603437e-02
2.548255591e+01 2.021765477e-02
2.559741507e+01 2.000119338e-02
2.571279194e+01 1.978663694e-02
2.582868886e+01 1.957397233e-02
2.594510817e+01 1.936318626e-02
2.606205222e+01 1.915426561e-02
2.617952339e+01 1.894719712e-02
2.629752403e+01 1.874196780e-02
2.641605655e+01 1.853856452e-02
2.653512334e+01 1.833697449e-02
2.665472681e+01 1.813718488e-02
2.677486937e+01 1.793918319e-02
2.689555346e+01 1.774295691e-02
2.701678152e+01 1.754849392e-02
2.713855599e+01 1.735578211e-02
2.726087935e+01 1.716480966e-02
2.738375406e+01 1.697556482e-02
2.750718262e+01 1.678803609e-02
2.763116751e+01 1.660221198e-02
2.775571125e+01 1.641808119e-02
2.788081635e+01 1.623563234e-02
2.800648534e+01 1.605485425e-02
2.813272077e+01 1.587573553e-02
2.825952519e+01 1.569826492e-02
2.838690117e+01 1.552243096e-02
2.851485127e+01 1.534822228e-02
2.864337809e+01 1.517562722e-02
2.877248423e+01 1.500463421e-02
2.890217230e+01 1.483523146e-02
2.903244491e+01 1.466740727e-02
2.916330472e+01 1.450114970e-02
2.929475436e+01 1.433644700e-02
2.942679648e+01 1.417328728e-02
2.955943378e+01 1.401165878e-02
2.969266891e+01 1.385154979e-02
2.982650458e+01 1.369294876e-02
2.996094351e+01 1.353584416e-02
3.009598839e+01 1.338022479e-02
3.023164197e+01 1.322607942e-02
3.036790700e+01 1.307339714e-02
3.050478621e+01 1.292216709e-02
3.064228240e+01 1.277237863e-02
3.078039833e+01 1.262402116e-02
3.091913679e+01 1.247708427e-02
3.105850060e+01 1.233155747e-02
3.119849258e+01 1.218743042e-02
3.133911555e+01 1.204469268e-02
3.148037236e+01 1.190333386e-02
3.162226586e+01 1.176334343e-02
3.176479894e+01 1.162471088e-02
3.190797445e+01 1.148742555e-02
3.205179532e+01 1.135147680e-02
3.219626443e+01 1.121685388e-02
3.234138473e+01 1.108354609e-02
3.248715913e+01 1.095154268e-02
3.263359059e+01 1.082083306e-02
3.278068207e+01 1.069140660e-02
3.292843654e+01 1.056325294e-02
3.307685700e+01 1.043636176e-02
3.322594644e+01 1.031072304e-02
3.337570789e+01 1.018632684e-02
3.352614436e+01 1.006316359e-02
3.367725890e+01 9.941223732e-03
3.382905458e+01 9.820498033e-03
3.398153445e+01 9.700977330e-03
3.413470160e+01 9.582652630e-03
3.428855914e+01 9.465514943e-03
3.444311016e+01 9.349555418e-03
3.459835780e+01 9.234765094e-03
3.475430521e+01 9.121135072e-03
3.491095552e+01 9.008656327e-03
3.506831191e+01 8.897319842e-03
3.522637757e+01 8.787116450e-03
3.538515568e+01 8.678037040e-03
3.554464947e+01 8.570072365e-03
3.570486215e+01 8.463213279e-03
3.586579697e+01 8.357450590e-03
3.602745718e+01 8.252775260e-03
3.618984605e+01 8.149178285e-03
3.635296687e+01 8.046650862e-03
3.651682294e+01 7.945184260e-03
3.668141756e+01 7.844769998e-03
3.684675407e+01 7.745399635e-03
3.701283581e+01 7.647064936e-03
3.717966614e+01 7.549757682e-03
3.734724844e+01 7.453469771e-03
3.751558609e+01 7.358193039e-03
3.768468251e+01 7.263919348e-03
3.785454110e+01 7.170640432e-03
3.802516530e+01 7.078347988e-03
3.819655857e+01 6.987033530e-03
3.836872438e+01 6.896688521e-03
3.854166619e+01 6.807304294e-03
3.871538752e+01 6.718872149e-03
3.888989188e+01 6.631383320e-03
3.906518278e+01 6.544829130e-03
3.924126379e+01 6.459200902e-03
3.941813846e+01 6.374490133e-03
3.959581037e+01 6.290688422e-03
3.977428311e+01 6.207787603e-03
3.995356029e+01 6.125779619e-03
4.013364554e+01 6.044656653e-03
4.031454250e+01 5.964410983e-03
4.049625483e+01 5.885035057e-03
4.067878620e+01 5.806521347e-03
4.086214031e+01 5.728862427e-03
4.104632086e+01 5.652050823e-03
4.123133158e+01 5.576079087e-03
4.141717621e+01 5.500939706e-03
4.160385851e+01 5.426625192e-03
4.179138225e+01 5.353128007e-03
4.197975123e+01 5.280440698e-03
4.216896926e+01 5.208555845e-03
4.235904017e+01 5.137466195e-03
4.254996779e+01 5.067164629e-03
4.274175600e+01 4.997644258e-03
4.293440866e+01 4.928898369e-03
4.312792968e+01 4.860920502e-03
4.332232297e+01 4.793704346e-03
4.351759246e+01 4.727243796e-03
4.371374210e+01 4.661532795e-03
4.391077586e+01 4.596565379e-03
4.410869772e+01 4.532335525e-03
4.430751169e+01 4.468837196e-03
4.450722178e+01 4.406064226e-03
4.470783204e+01 4.344010366e-03
4.490934652e+01 4.282669232e-03
4.511176931e+01 4.222034393e-03
4.531510448e+01 4.162099340e-03
4.551935617e+01 4.102857584e-03
4.572452848e+01 4.044302657e-03
4.593062559e+01 3.986428180e-03
4.613765165e+01 3.929227846e-03
4.634561085e+01 3.872695467e-03
4.655450740e+01 3.816824903e-03
4.676434552e+01 3.761610078e-03
4.697512946e+01 3.707044884e-03
4.718686348e+01 3.653123187e-03
4.739955186e+01 3.599838739e-03
4.761319891e+01 3.547185192e-03
4.782780894e+01 3.495156064e-03
4.804338630e+01 3.443744785e-03
4.825993534e+01 3.392944704e-03
4.847746045e+01 3.342749195e-03
4.869596602e+01 3.293151662e-03
4.891545648e+01 3.244145675e-03
4.913593626e+01 3.195724948e-03
4.935740982e+01 3.147883455e-03
4.957988164e+01 3.100615354e-03
4.980335623e+01 3.053915052e-03
5.002783810e+01 3.007777098e-03
5.025333179e+01 2.962196206e-03
5.047984186e+01 2.917167129e-03
5.070737289e+01 2.872684693e-03
5.093592949e+01 2.828743699e-03
5.116551628e+01 2.785338990e-03
5.139613790e+01 2.742465401e-03
5.162779901e+01 2.700117855e-03
5.186050431e+01 2.658291357e-03
5.209425849e+01 2.616981087e-03
5.232906629e+01 2.576182371e-03
5.256493246e+01 2.535890751e-03
5.280186175e+01 2.496101899e-03
5.303985898e+01 2.456811623e-03
5.327892894e+01 2.418015752e-03
5.351907648e+01 2.379710103e-03
5.376030645e+01 2.341890364e-03
5.400262374e+01 2.304552086e-03
5.424603323e+01 2.267690602e-03
5.449053986e+01 2.231301088e-03
5.473614858e+01 2.195378537e-03
5.498286434e+01 2.159917869e-03
5.523069213e+01 2.124913929e-03
5.547963698e+01 2.090361598e-03
5.572970391e+01 2.056255773e-03
5.598089799e+01 2.022591421e-03
5.623322429e+01 1.989363519e-03
5.648668791e+01 1.956567056e-03
5.674129399e+01 1.924196951e-03
5.699704767e+01 1.892248049e-03
5.725395413e+01 1.860715083e-03
5.751201855e+01 1.829592713e-03
5.777124617e+01 1.798875544e-03
5.803164222e+01 1.768558231e-03
5.829321197e+01 1.738635533e-03
5.855596071e+01 1.709102414e-03
5.881989375e+01 1.679954075e-03
5.908501644e+01 1.651186004e-03
5.935133413e+01 1.622793919e-03
5.961885221e+01 1.594773760e-03
5.988757609e+01 1.567121585e-03
6.015751121e+01 1.539833528e-03
6.042866303e+01 1.512905715e-03
6.070103703e+01 1.486334273e-03
6.097463871e+01 1.460115297e-03
6.124947362e+01 1.434244904e-03
6.152554731e+01 1.408719257e-03
6.180286536e+01 1.383534610e-03
6.208143338e+01 1.358687291e-03
6.236125702e+01 1.334173697e-03
6.264234192e+01 1.309990199e-03
6.292469377e+01 1.286133090e-03
6.320831829e+01 1.262598458e-03
6.349322120e+01 1.239382149e-03
6.377940828e+01 1.216479694e-03
6.406688530e+01 1.193886359e-03
6.435565809e+01 1.171597155e-03
6.464573248e+01 1.149606955e-03
6.493711435e+01 1.127910542e-03
6.522980958e+01 1.106502707e-03
6.552382409e+01 1.085378250e-03
6.581916383e+01 1.064532011e-03
6.611583478e+01 1.043958807e-03
6.641384293e+01 1.023653433e-03
6.671319431e+01 1.003610621e-03
6.701389498e+01 9.838250681e-04
6.731595101e+01 9.642914903e-04
6.761936852e+01 9.450047214e-04
6.792415365e+01 9.259597978e-04
6.823031255e+01 9.071520658e-04
6.853785142e+01 8.885772100e-04
6.884677648e+01 8.702312642e-04
6.915709398e+01 8.521105414e-04
6.946881019e+01 8.342115787e-04
6.978193143e+01 8.165310258e-04
7.009646401e+01 7.990656174e-04
7.041241431e+01 7.818121375e-04
7.072978870e+01 7.647674659e-04
7.104859363e+01 7.479286142e-04
7.136883552e+01 7.312927956e-04
7.169052086e+01 7.148574253e-04
7.201365615e+01 6.986201241e-04
7.233824793e+01 6.825786409e-04
7.266430276e+01 6.667308072e-04
7.299182724e+01 6.510744579e-04
7.332082799e+01 6.356074497e-04
7.365131167e+01 6.203276953e-04
7.398328496e+01 6.052332999e-04
7.431675458e+01 5.903226858e-04
7.465172726e+01 5.755947610e-04
7.498820979e+01 5.610490037e-04
7.532620896e+01 5.466855648e-04
7.566573162e+01 5.325052623e-04
7.600678464e+01 5.185096444e-04
7.634937490e+01 5.047009985e-04
7.669350935e+01 4.910824833e-04
7.703919493e+01 4.776582572e-04
7.738643864e+01 4.644336894e-04
7.773524751e+01 4.514155234e-04
7.808562858e+01 4.386120585e-04
7.843758896e+01 4.260332259e-04
7.879113574e+01 4.136906594e-04
7.914627609e+01 4.015977134e-04
7.950301718e+01 3.897695414e-04
7.986136624e+01 3.782231912e-04
8.022133051e+01 3.669778254e-04
8.058291727e+01 3.560549171e-04
8.094613383e+01 3.454785306e-04
8.131098754e+01 3.352754947e-04
8.167748578e+01 3.254755746e-04
8.204563596e+01 3.161115378e-04
8.241544552e+01 3.072192280e-04
8.278692196e+01 2.988376014e-04
8.316007277e+01 2.910088260e-04
8.353490551e+01 2.837783322e-04
8.391142776e+01 2.771948735e-04
8.428964713e+01 2.713104223e-04
8.466957127e+01 2.661799528e-04
8.505120787e+01 2.618609775e-04
8.543456464e+01 2.584129482e-04
8.581964934e+01 2.558964687e-04
8.620646976e+01 2.543724289e-04
8.659503372e+01 2.539010054e-04
8.698534908e+01 2.545405702e-04
8.737742374e+01 2.563464065e-04
8.777126561e+01 2.593692590e-04
8.816688268e+01 2.636536640e-04
8.856428293e+01 2.692361739e-04
8.896347442e+01 2.761435083e-04
8.936446520e+01 2.843907748e-04
8.976726340e+01 2.939798107e-04
9.017187715e+01 3.048976847e-04
9.057831465e+01 3.171153724e-04
9.098658411e+01 3.305866011e-04
9.139669378e+01 3.452468883e-04
9.180865197e+01 3.610129254e-04
9.222246701e+01 3.777822974e-04
9.263814726e+01 3.954337216e-04
9.305570113e+01 4.138278182e-04
9.347513708e+01 4.328083706e-04
9.389646357e+01 4.522040454e-04
9.431968913e+01 4.718304483e-04
9.474482233e+01 4.914925612e-04
9.517187175e+01 5.109874423e-04
9.560084604e+01 5.301073229e-04
9.603175388e+01 5.486429262e-04
9.646460398e+01 5.663870656e-04
9.689940508e+01 5.831382188e-04
9.733616600e+01 5.987040254e-04
9.777489555e+01 6.129045400e-04
9.821560262e+01 6.255751635e-04
9.865829612e+01 6.365692589e-04
9.910298500e+01 6.457604625e-04
9.954967825e+01 6.530445660e-04
9.999838491e+01 6.583409641e-04
1.004491141e+02 6.615934991e-04
1.009018748e+02 6.627706766e-04
1.013566763e+02 6.618653006e-04
1.018135278e+02 6.588935937e-04
1.022724384e+02 6.538939668e-04
1.027334176e+02 6.469254548e-04
1.031964745e+02 6.380658971e-04
1.036616186e+02 6.274097765e-04
1.041288593e+02 6.150658288e-04
1.045982060e+02 6.011544634e-04
1.050696682e+02 5.858051979e-04
1.055432554e+02 5.691542132e-04
1.060189773e+02 5.513421118e-04
1.064968435e+02 5.325118483e-04
1.069768636e+02 5.128067836e-04
1.074590472e+02 4.923688299e-04
1.079434043e+02 4.713367808e-04
1.084299446e+02 4.498449320e-04
1.089186778e+02 4.280220115e-04
1.094096140e+02 4.059903535e-04
1.099027629e+02 3.838653143e-04
1.103981347e+02 3.617546619e-04
1.108957393e+02 3.397581129e-04
1.113955868e+02 3.179669223e-04
1.118976873e+02 2.964637204e-04
1.124020510e+02 2.753225206e-04
1.129086879e+02 2.546088657e-04
1.134176085e+02 2.343799173e-04
1.139288230e+02 2.146845901e-04
1.144423417e+02 1.955636625e-04
1.149581750e+02 1.770500652e-04
1.154763334e+02 1.591693460e-04
1.159968273e+02 1.419402668e-04
1.165196672e+02 1.253753721e-04
1.170448638e+02 1.094815093e-04
1.175724277e+02 9.426033613e-05
1.181023694e+02 7.970892018e-05
1.186346998e+02 6.582044695e-05
1.191694296e+02 5.258501161e-05
1.197065696e+02 3.999028380e-05
1.202461308e+02 2.802202185e-05
1.207881239e+02 1.666447363e-05
1.213325599e+02 5.900772930e-06
1.218794500e+02 -4.286607434e-06
1.224288051e+02 -1.391541444e-05
1.229806363e+02 -2.300336061e-05
1.235349548e+02 -3.156803667e-05
1.240917718e+02 -3.962692754e-05
1.246510987e+02 -4.719736826e-05
1.252129466e+02 -5.429641380e-05
1.257773269e+02 -6.094072421e-05
1.263442512e+02 -6.714658288e-05
1.269137307e+02 -7.293002606e-05
1.274857771e+02 -7.830698957e-05
1.280604020e+02 -8.329330407e-05
1.286376168e+02 -8.790461395e-05
1.292174334e+02 -9.215634824e-05
1.297998635e+02 -9.606383396e-05
1.303849187e+02 -9.964247551e-05
1.309726111e+02 -1.029078570e-04
1.315629523e+02 -1.058756772e-04
1.321559545e+02 -1.085616689e-04
1.327516295e+02 -1.109815978e-04
1.333499895e+02 -1.131513689e-04
1.339510464e+02 -1.150870455e-04
1.345548126e+02 -1.168046942e-04
1.351613001e+02 -1.183200927e-04
1.357705214e+02 -1.196485077e-04
1.363824886e+02 -1.208045789e-04
1.369972141e+02 -1.218022215e-04
1.376147105e+02 -1.226543852e-04
1.382349901e+02 -1.233727392e-04
1.388580655e+02 -1.239674641e-04
1.394839494e+02 -1.244472792e-04
1.401126544e+02 -1.248195846e-04
1.407441932e+02 -1.250905685e-04
1.413785785e+02 -1.252652583e-04
1.420158232e+02 -1.253477030e-04
1.426559403e+02 -1.253413615e-04
1.432989426e+02 -1.252495706e-04
1.439448431e+02 -1.250758577e-04
1.445936550e+02 -1.248240819e-04
1.452453912e+02 -1.244985517e-04
1.459000651e+02 -1.241042195e-04
1.465576898e+02 -1.236467882e-04
1.472182787e+02 -1.231325569e-04
1.478818451e+02 -1.225680354e-04
1.485484025e+02 -1.219595814e-04
1.492179642e+02 -1.213131567e-04
1.498905440e+02 -1.206340864e-04
1.505661552e+02 -1.199266825e-04
1.512448118e+02 -1.191938878e-04
1.519265272e+02 -1.184371773e-04
1.526113154e+02 -1.176567517e-04
1.532991902e+02 -1.168517878e-04
1.539901655e+02 -1.160206392e-04
1.546842553e+02 -1.151611237e-04
1.553814735e+02 -1.142710450e-04
1.560818344e+02 -1.133487682e-04
1.567853521e+02 -1.123935779e-04
1.574920408e+02 -1.114057854e-04
1.582019148e+02 -1.103868136e-04
1.589149885e+02 -1.093392968e-04
1.596312762e+02 -1.082669877e-04
1.603507925e+02 -1.071743453e-04
1.610735519e+02 -1.060660548e-04
1.617995691e+02 -1.049467183e-04
1.625288587e+02 -1.038206541e-04
1.632614355e+02 -1.026915889e-04
1.639973142e+02 -1.015623632e-04
1.647365099e+02 -1.004349121e-04
1.654790373e+02 -9.931052782e-05
1.662249116e+02 -9.819008191e-05
1.669741478e+02 -9.707412923e-05
1.677267611e+02 -9.596309759e-05
1.684827668e+02 -9.485763852e-05
1.692421800e+02 -9.375883045e-05
1.700050161e+02 -9.266806784e-05
1.707712906e+02 -9.158685929e-05
1.715410190e+02 -9.051675040e-05
1.723142169e+02 -8.945917359e-05
1.730908998e+02 -8.841506595e-05
1.738710836e+02 -8.738449592e-05
1.746547839e+02 -8.636660030e-05
1.754420166e+02 -8.535966461e-05
1.762327977e+02 -8.436112476e-05
1.770271431e+02 -8.336765650e-05
1.778250689e+02 -8.237560189e-05
1.786265913e+02 -8.138149378e-05
1.794317264e+02 -8.038236159e-05
1.802404905e+02 -7.937593498e-05
1.810529001e+02 -7.836097334e-05
1.818689715e+02 -7.733747020e-05
1.826887212e+02 -7.630646899e-05
1.835121658e+02 -7.526972724e-05
1.843393219e+02 -7.422953075e-05
1.851702064e+02 -7.318845094e-05
1.860048360e+02 -7.214890335e-05
1.868432275e+02 -7.111284811e-05
1.876853980e+02 -7.008186881e-05
1.885313645e+02 -6.905730502e-05
1.893811440e+02 -6.804029611e-05
1.902347538e+02 -6.703203153e-05
1.910922111e+02 -6.603420637e-05
1.919535333e+02 -6.504921882e-05
1.928187378e+02 -6.408008627e-05
1.936878421e+02 -6.313040687e-05
1.945608638e+02 -6.220424600e-05
1.954378205e+02 -6.130563058e-05
1.963187299e+02 -6.043796371e-05
1.972036099e+02 -5.960371298e-05
1.980924784e+02 -5.880413887e-05
1.989853534e+02 -5.803895302e-05
1.998822529e+02 -5.730634661e-05
2.007831950e+02 -5.660339834e-05
2.016881980e+02 -5.592641744e-05
2.025972801e+02 -5.527128406e-05
2.035104599e+02 -5.463406142e-05
2.044277557e+02 -5.401148380e-05
2.053491860e+02 -5.340103348e-05
2.062747696e+02 -5.280097301e-05
2.072045251e+02 -5.221036870e-05
2.081384714e+02 -5.162870296e-05
2.090766273e+02 -5.105534992e-05
2.100190118e+02 -5.048932836e-05
2.109656440e+02 -4.992905188e-05
2.119165430e+02 -4.937202072e-05
2.128717281e+02 -4.881496415e-05
2.138312185e+02 -4.825427687e-05
2.147950337e+02 -4.768633529e-05
2.157631931e+02 -4.710798086e-05
2.167357164e+02 -4.651719048e-05
2.177126232e+02 -4.591333889e-05
2.186939333e+02 -4.529716765e-05
2.196796666e+02 -4.467076765e-05
2.206698428e+02 -4.403717246e-05
2.216644822e+02 -4.339961520e-05
2.226636048e+02 -4.276105785e-05
2.236672307e+02 -4.212379555e-05
2.246753804e+02 -4.148903202e-05
2.256880742e+02 -4.085697576e-05
2.267053326e+02 -4.022726031e-05
2.277271761e+02 -3.959924194e-05
2.287536254e+02 -3.897254062e-05
2.297847013e+02 -3.834762594e-05
2.308204247e+02 -3.772590192e-05
2.318608164e+02 -3.710967611e-05
2.329058975e+02 -3.650205965e-05
2.339556893e+02 -3.590636703e-05
2.350102128e+02 -3.532554554e-05
2.360694894e+02 -3.476183223e-05
2.371335406e+02 -3.421624011e-05
2.382023878e+02 -3.368835562e-05
2.392760528e+02 -3.317657703e-05
2.403545571e+02 -3.267824863e-05
2.414379226e+02 -3.219007659e-05
2.425261713e+02 -3.170879131e-05
2.436193251e+02 -3.123145563e-05
2.447174061e+02 -3.075581582e-05
2.458204366e+02 -3.028061314e-05
2.469284389e+02 -2.980537471e-05
2.480414353e+02 -2.933027278e-05
2.491594484e+02 -2.885595131e-05
2.502825008e+02 -2.838307099e-05
2.514106152e+02 -2.791224678e-05
2.525438144e+02 -2.744408816e-05
2.536821213e+02 -2.697916469e-05
2.548255591e+02 -2.651838828e-05
2.559741507e+02 -2.606317124e-05
2.571279194e+02 -2.561535522e-05
2.582868886e+02 -2.517722893e-05
2.594510817e+02 -2.475103804e-05
2.606205222e+02 -2.433847861e-05
2.617952339e+02 -2.394040605e-05
2.629752403e+02 -2.355639931e-05
2.641605655e+02 -2.318489229e-05
2.653512334e+02 -2.282354815e-05
2.665472681e+02 -2.246962964e-05
2.677486937e+02 -2.212075586e-05
2.689555346e+02 -2.177527810e-05
2.701678152e+02 -2.143247972e-05
2.713855599e+02 -2.109270786e-05
2.726087935e+02 -2.075693853e-05
2.738375406e+02 -2.042650049e-05
2.750718262e+02 -2.010263968e-05
2.763116751e+02 -1.978601845e-05
2.775571125e+02 -1.947664635e-05
2.788081635e+02 -1.917365858e-05
2.800648534e+02 -1.887552601e-05
2.813272077e+02 -1.858044910e-05
2.825952519e+02 -1.828667374e-05
2.838690117e+02 -1.799314548e-05
2.851485127e+02 -1.769968815e-05
2.864337809e+02 -1.740712163e-05
2.877248423e+02 -1.711705986e-05
2.890217230e+02 -1.683127240e-05
2.903244491e+02 -1.655129300e-05
2.916330472e+02 -1.627782591e-05
2.929475436e+02 -1.601071114e-05
2.942679649e+02 -1.574914982e-05
2.955943378e+02 -1.549207757e-05
2.969266891e+02 -1.523883257e-05
2.982650459e+02 -1.498930228e-05
2.996094351e+02 -1.474410041e-05
3.009598839e+02 -1.450418271e-05
3.023164197e+02 -1.427042258e-05
3.036790700e+02 -1.404327170e-05
3.050478622e+02 -1.382243525e-05
3.064228240e+02 -1.360711150e-05
3.078039833e+02 -1.339608982e-05
3.091913679e+02 -1.318824315e-05
3.105850061e+02 -1.298270468e-05
3.119849258e+02 -1.277904908e-05
3.133911555e+02 -1.257732446e-05
3.148037236e+02 -1.237787534e-05
3.162226587e+02 -1.218132845e-05
3.176479894e+02 -1.198821764e-05
3.190797446e+02 -1.179891099e-05
3.205179532e+02 -1.161319610e-05
3.219626444e+02 -1.143031463e-05
3.234138473e+02 -1.124898555e-05
3.248715913e+02 -1.106791392e-05
3.263359059e+02 -1.088635732e-05
3.278068207e+02 -1.070461112e-05
3.292843654e+02 -1.052416540e-05
3.307685700e+02 -1.034720629e-05
3.322594644e+02 -1.017592900e-05
3.337570789e+02 -1.001157256e-05
3.352614436e+02 -9.854085577e-06
3.367725890e+02 -9.702066725e-06
3.382905458e+02 -9.553520711e-06
3.398153445e+02 -9.406508438e-06
3.413470160e+02 -9.259934470e-06
3.428855914e+02 -9.113642630e-06
3.444311016e+02 -8.968357799e-06
3.459835781e+02 -8.825125321e-06
3.475430521e+02 -8.684951345e-06
3.491095552e+02 -8.548375073e-06
3.506831191e+02 -8.415405970e-06
3.522637757e+02 -8.285447246e-06
3.538515568e+02 -8.157474565e-06
3.554464947e+02 -8.030208613e-06
3.570486215e+02 -7.902524959e-06
3.586579697e+02 -7.773843506e-06
3.602745718e+02 -7.644505567e-06
3.618984605e+02 -7.515777457e-06
3.635296687e+02 -7.389483865e-06
3.651682294e+02 -7.267260501e-06
3.668141756e+02 -7.149845480e-06
3.684675407e+02 -7.036728174e-06
3.701283581e+02 -6.926443728e-06
3.717966614e+02 -6.817334573e-06
3.734724844e+02 -6.708410316e-06
3.751558610e+02 -6.599789219e-06
3.768468251e+02 -6.492527140e-06
3.785454110e+02 -6.387943223e-06
3.802516530e+02 -6.286878574e-06
3.819655857e+02 -6.189258334e-06
3.836872438e+02 -6.094140287e-06
3.854166619e+02 -6.000118602e-06
3.871538752e+02 -5.905850666e-06
3.888989188e+02 -5.810479732e-06
3.906518278e+02 -5.713871978e-06
3.924126379e+02 -5.616638652e-06
3.941813846e+02 -5.519962699e-06
3.959581037e+02 -5.425244280e-06
3.977428311e+02 -5.333650167e-06
3.995356029e+02 -5.245706222e-06
4.013364554e+02 -5.161093772e-06
4.031454250e+02 -5.078746835e-06
4.049625483e+02 -4.997248038e-06
4.067878620e+02 -4.915403303e-06
4.086214031e+02 -4.832796452e-06
4.104632086e+02 -4.750061904e-06
4.123133158e+02 -4.668677138e-06
4.141717621e+02 -4.590276222e-06
4.160385851e+02 -4.515786617e-06
4.179138225e+02 -4.444856245e-06
4.197975124e+02 -4.375928546e-06
4.216896927e+02 -4.306956495e-06
4.235904017e+02 -4.236373267e-06
4.254996779e+02 -4.163805270e-06
4.274175600e+02 -4.090168673e-06
4.293440866e+02 -4.017134837e-06
4.312792968e+02 -3.946282999e-06
4.332232297e+02 -3.878415119e-06
4.351759246e+02 -3.813385928e-06
4.371374210e+02 -3.750450239e-06
4.391077586e+02 -3.688792577e-06
4.410869772e+02 -3.627852739e-06
4.430751169e+02 -3.567333592e-06
4.450722178e+02 -3.507108410e-06
4.470783204e+02 -3.447281819e-06
4.490934653e+02 -3.388361669e-06
4.511176931e+02 -3.331218142e-06
4.531510448e+02 -3.276598014e-06
4.551935617e+02 -3.224438973e-06
4.572452849e+02 -3.173589996e-06
4.593062559e+02 -3.122353983e-06
4.613765165e+02 -3.069593594e-06
4.634561085e+02 -3.015574016e-06
4.655450740e+02 -2.961863608e-06
4.676434553e+02 -2.910339413e-06
4.697512946e+02 -2.862037329e-06
4.718686348e+02 -2.816636344e-06
4.739955187e+02 -2.772817064e-06
4.761319891e+02 -2.729125837e-06
4.782780894e+02 -2.684741457e-06
4.804338630e+02 -2.639742095e-06
4.825993534e+02 -2.594849482e-06
4.847746045e+02 -2.550945500e-06
4.869596602e+02 -2.508699172e-06
4.891545648e+02 -2.468432448e-06
4.913593626e+02 -2.430090648e-06
4.935740982e+02 -2.393175687e-06
4.957988164e+02 -2.356754578e-06
4.980335623e+02 -2.319763754e-06
5.002783810e+02 -2.281565411e-06
5.025333179e+02 -2.242367288e-06
5.047984186e+02 -2.203156789e-06
5.070737289e+02 -2.165217757e-06
5.093592949e+02 -2.129571289e-06
5.116551628e+02 -2.096552763e-06
5.139613790e+02 -2.065565278e-06
5.162779902e+02 -2.035152076e-06
5.186050431e+02 -2.003624562e-06
5.209425849e+02 -1.970083437e-06
5.232906629e+02 -1.935101825e-06
5.256493246e+02 -1.900392913e-06
5.280186175e+02 -1.867640791e-06
5.303985898e+02 -1.837424882e-06
5.327892894e+02 -1.809031718e-06
5.351907648e+02 -1.781133047e-06
5.376030645e+02 -1.752663302e-06
5.400262374e+02 -1.723266221e-06
5.424603323e+02 -1.693192042e-06
5.449053987e+02 -1.662947067e-06
5.473614858e+02 -1.633036613e-06
5.498286434e+02 -1.603892426e-06
5.523069213e+02 -1.575867898e-06
5.547963698e+02 -1.549121023e-06
5.572970391e+02 -1.523380460e-06
5.598089799e+02 -1.497876949e-06
5.623322429e+02 -1.471738071e-06
5.648668791e+02 -1.444641061e-06
5.674129399e+02 -1.417098700e-06
5.699704767e+02 -1.390096496e-06
5.725395413e+02 -1.364502956e-06
5.751201855e+02 -1.340688463e-06
5.777124617e+02 -1.318322612e-06
5.803164222e+02 -1.296324077e-06
5.829321197e+02 -1.273331226e-06
5.855596071e+02 -1.248713291e-06
5.881989375e+02 -1.223259149e-06
5.908501644e+02 -1.198682044e-06
5.935133413e+02 -1.176300467e-06
5.961885221e+02 -1.156150125e-06
5.988757610e+02 -1.137225401e-06
6.015751122e+02 -1.118379984e-06
6.042866303e+02 -1.099023469e-06
6.070103703e+02 -1.079217929e-06
6.097463871e+02 -1.059341135e-06
6.124947362e+02 -1.039726216e-06
6.152554731e+02 -1.020594623e-06
6.180286536e+02 -1.002222718e-06
6.208143339e+02 -9.849774349e-07
6.236125702e+02 -9.690245830e-07
6.264234192e+02 -9.540052976e-07
6.292469377e+02 -9.391292606e-07
6.320831829e+02 -9.236948583e-07
6.349322120e+02 -9.075637009e-07
6.377940828e+02 -8.912490099e-07
6.406688530e+02 -8.756877435e-07
6.435565809e+02 -8.618041094e-07
6.464573248e+02 -8.498528346e-07
6.493711435e+02 -8.389427716e-07
6.522980958e+02 -8.274734852e-07
6.552382409e+02 -8.143957259e-07
6.581916383e+02 -8.000423230e-07
6.611583478e+02 -7.857013839e-07
6.641384293e+02 -7.725534145e-07
6.671319431e+02 -7.609805298e-07
6.701389498e+02 -7.505373949e-07
6.731595101e+02 -7.403895258e-07
6.761936852e+02 -7.298444958e-07
6.792415365e+02 -7.186226990e-07
6.823031255e+02 -7.068532583e-07
6.853785142e+02 -6.949065070e-07
6.884677648e+02 -6.830815387e-07
6.915709398e+02 -6.714416853e-07
6.946881020e+02 -6.600363554e-07
6.978193143e+02 -6.490995217e-07
7.009646401e+02 -6.388016750e-07
7.041241431e+02 -6.288794930e-07
7.072978871e+02 -6.186714871e-07
7.104859363e+02 -6.075858891e-07
7.136883552e+02 -5.956347636e-07
7.169052086e+02 -5.835800169e-07
7.201365615e+02 -5.723894166e-07
7.233824793e+02 -5.623821766e-07
7.266430276e+02 -5.529769027e-07
7.299182724e+02 -5.432803104e-07
7.332082799e+02 -5.327567108e-07
7.365131167e+02 -5.214334006e-07
7.398328496e+02 -5.098521556e-07
7.431675458e+02 -4.989136611e-07
7.465172726e+02 -4.893588659e-07
7.498820979e+02 -4.810314305e-07
7.532620896e+02 -4.728520126e-07
7.566573163e+02 -4.638897679e-07
7.600678464e+02 -4.542170404e-07
7.634937490e+02 -4.444700812e-07
7.669350935e+02 -4.351371125e-07
7.703919493e+02 -4.264911395e-07
7.738643864e+02 -4.185576639e-07
7.773524751e+02 -4.110588702e-07
7.808562859e+02 -4.037807380e-07
7.843758896e+02 -3.967491581e-07
7.879113574e+02 -3.899147496e-07
7.914627609e+02 -3.830898429e-07
7.950301719e+02 -3.761558941e-07
7.986136624e+02 -3.690951812e-07
8.022133051e+02 -3.620785983e-07
8.058291727e+02 -3.555956603e-07
8.094613383e+02 -3.501570855e-07
8.131098754e+02 -3.456505001e-07
8.167748578e+02 -3.412120162e-07
8.204563596e+02 -3.360513327e-07
8.241544553e+02 -3.301381839e-07
8.278692196e+02 -3.239408514e-07
8.316007277e+02 -3.180175066e-07
8.353490551e+02 -3.129263369e-07
8.391142776e+02 -3.088934000e-07
8.428964713e+02 -3.053794794e-07
8.466957127e+02 -3.014048783e-07
8.505120787e+02 -2.964307894e-07
8.543456464e+02 -2.908222470e-07
8.581964935e+02 -2.854587770e-07
8.620646977e+02 -2.808353292e-07
8.659503373e+02 -2.767586979e-07
8.698534909e+02 -2.728638829e-07
8.737742374e+02 -2.688601086e-07
8.777126562e+02 -2.645481013e-07
8.816688268e+02 -2.599926877e-07
8.856428294e+02 -2.553800568e-07
8.896347442e+02 -2.508367970e-07
8.936446520e+02 -2.464730169e-07
8.976726340e+02 -2.422627359e-07
9.017187715e+02 -2.380743364e-07
9.057831465e+02 -2.339837548e-07
9.098658411e+02 -2.301941723e-07
9.139669379e+02 -2.265592399e-07
9.180865198e+02 -2.226131558e-07
9.222246701e+02 -2.182548011e-07
9.263814726e+02 -2.138129597e-07
9.305570114e+02 -2.095167074e-07
9.347513708e+02 -2.055137728e-07
9.389646357e+02 -2.020197459e-07
9.431968913e+02 -1.989551209e-07
9.474482233e+02 -1.957468090e-07
9.517187175e+02 -1.918698423e-07
9.560084605e+02 -1.874193856e-07
9.603175388e+02 -1.829740604e-07
9.646460398e+02 -1.790833023e-07
9.689940508e+02 -1.758510138e-07
9.733616600e+02 -1.730179022e-07
9.777489555e+02 -1.702036701e-07
9.821560262e+02 -1.669655832e-07
9.865829612e+02 -1.631759088e-07
9.910298500e+02 -1.592022383e-07
9.954967825e+02 -1.555794480e-07
9.999838491e+02 -1.526065570e-07
1.004491141e+03 -1.501423318e-07
1.009018748e+03 -1.476974738e-07
1.013566763e+03 -1.450053825e-07
1.018135278e+03 -1.422747878e-07
1.022724384e+03 -1.395860159e-07
1.027334176e+03 -1.369021410e-07
1.031964745e+03 -1.344359592e-07
1.036616186e+03 -1.323435413e-07
1.041288593e+03 -1.304315445e-07
1.045982060e+03 -1.284563606e-07
1.050696682e+03 -1.265565764e-07
1.055432554e+03 -1.248853158e-07
1.060189773e+03 -1.232425483e-07
1.064968435e+03 -1.214691067e-07
1.069768636e+03 -1.196102283e-07
1.074590472e+03 -1.177704986e-07
1.079434043e+03 -1.159844407e-07
1.084299446e+03 -1.143105905e-07
1.089186778e+03 -1.128652585e-07
1.094096140e+03 -1.115197364e-07
1.099027630e+03 -1.099628604e-07
1.103981347e+03 -1.080592025e-07
1.108957393e+03 -1.058308109e-07
1.113955868e+03 -1.035628021e-07
1.118976873e+03 -1.016303503e-07
1.124020510e+03 -9.995949838e-08
1.129086879e+03 -9.838064353e-08
1.134176085e+03 -9.676107750e-08
1.139288230e+03 -9.487347147e-08
1.144423417e+03 -9.257537130e-08
1.149581750e+03 -9.016951608e-08
1.154763334e+03 -8.816405340e-08
1.159968273e+03 -8.662697349e-08
1.165196672e+03 -8.521748123e-08
1.170448638e+03 -8.374581550e-08
1.175724277e+03 -8.221529454e-08
1.181023694e+03 -8.052547401e-08
1.186346998e+03 -7.868083840e-08
1.191694296e+03 -7.704399830e-08
1.197065697e+03 -7.580330856e-08
1.202461308e+03 -7.471760598e-08
1.207881239e+03 -7.357568749e-08
1.213325599e+03 -7.234128219e-08
1.218794500e+03 -7.101650417e-08
1.224288051e+03 -6.969860239e-08
1.229806363e+03 -6.842576028e-08
1.235349548e+03 -6.716589983e-08
1.240917719e+03 -6.598200776e-08
1.246510987e+03 -6.483210713e-08
1.252129466e+03 -6.362852501e-08
1.257773269e+03 -6.238565877e-08
1.263442512e+03 -6.120991591e-08
1.269137307e+03 -6.017626544e-08
1.274857771e+03 -5.906142449e-08
1.280604020e+03 -5.781829514e-08
1.286376168e+03 -5.668954240e-08
1.292174334e+03 -5.567407756e-08
1.297998635e+03 -5.469118902e-08
1.303849188e+03 -5.383801947e-08
1.309726111e+03 -5.315883502e-08
1.315629523e+03 -5.242305899e-08
1.321559545e+03 -5.148191989e-08
1.327516295e+03 -5.048814742e-08
1.333499895e+03 -4.960662417e-08
1.339510464e+03 -4.880552751e-08
1.345548126e+03 -4.807374146e-08
1.351613001e+03 -4.745983457e-08
1.357705214e+03 -4.680117955e-08
1.363824886e+03 -4.591053241e-08
1.369972141e+03 -4.486549701e-08
1.376147105e+03 -4.378758719e-08
1.382349901e+03 -4.282133329e-08
1.388580655e+03 -4.208628036e-08
1.394839494e+03 -4.143379226e-08
1.401126544e+03 -4.075373678e-08
1.407441932e+03 -4.002538615e-08
1.413785785e+03 -3.918077673e-08
1.420158233e+03 -3.827800617e-08
1.426559403e+03 -3.748366570e-08
1.432989426e+03 -3.697601188e-08
1.439448431e+03 -3.661092290e-08
1.445936550e+03 -3.613887493e-08
1.452453912e+03 -3.561129102e-08
1.459000651e+03 -3.507379595e-08
1.465576898e+03 -3.443151960e-08
1.472182787e+03 -3.371934040e-08
1.478818451e+03 -3.312771647e-08
1.485484025e+03 -3.262562011e-08
1.492179643e+03 -3.204822672e-08
1.498905440e+03 -3.138924158e-08
1.505661552e+03 -3.074655799e-08
1.512448118e+03 -3.008205013e-08
1.519265272e+03 -2.935515364e-08
1.526113154e+03 -2.870040541e-08
1.532991902e+03 -2.814667279e-08
1.539901655e+03 -2.760580925e-08
1.546842553e+03 -2.712303379e-08
1.553814735e+03 -2.666022110e-08
1.560818344e+03 -2.623858190e-08
1.567853521e+03 -2.588563923e-08
1.574920408e+03 -2.551316707e-08
1.582019148e+03 -2.512616911e-08
1.589149885e+03 -2.469813447e-08
1.596312762e+03 -2.429473810e-08
1.603507925e+03 -2.388860302e-08
1.610735519e+03 -2.346105974e-08
1.617995691e+03 -2.310451754e-08
1.625288587e+03 -2.277952458e-08
1.632614355e+03 -2.233941001e-08
1.639973142e+03 -2.183269974e-08
1.647365099e+03 -2.137083780e-08
1.654790373e+03 -2.094240996e-08
1.662249116e+03 -2.053599929e-08
1.669741478e+03 -2.021935312e-08
1.677267611e+03 -1.998945568e-08
1.684827668e+03 -1.971216972e-08
1.692421800e+03 -1.930180826e-08
1.700050161e+03 -1.888821019e-08
1.707712906e+03 -1.847120539e-08
1.715410191e+03 -1.803584736e-08
1.723142169e+03 -1.766896367e-08
1.730908999e+03 -1.738423468e-08
1.738710836e+03 -1.711770353e-08
1.746547839e+03 -1.676348453e-08
1.754420166e+03 -1.637010888e-08
1.762327977e+03 -1.602119806e-08
1.770271431e+03 -1.567511785e-08
1.778250689e+03 -1.540610127e-08
1.786265913e+03 -1.520125222e-08
1.794317264e+03 -1.502900765e-08
1.802404905e+03 -1.486682692e-08
1.810529001e+03 -1.464060034e-08
1.818689715e+03 -1.436243147e-08
1.826887212e+03 -1.407650075e-08
1.835121658e+03 -1.383168041e-08
1.843393220e+03 -1.359754439e-08
1.851702064e+03 -1.335377813e-08
1.860048360e+03 -1.314365178e-08
1.868432275e+03 -1.296287412e-08
1.876853980e+03 -1.272955605e-08
1.885313645e+03 -1.247511620e-08
1.893811440e+03 -1.227685746e-08
1.902347538e+03 -1.205607256e-08
1.910922111e+03 -1.179825311e-08
1.919535333e+03 -1.152596646e-08
1.928187378e+03 -1.128770103e-08
1.936878421e+03 -1.105934887e-08
1.945608638e+03 -1.079938150e-08
1.954378205e+03 -1.063077541e-08
1.963187299e+03 -1.048999891e-08
1.972036099e+03 -1.031763807e-08
1.980924784e+03 -1.012415167e-08
1.989853534e+03 -9.937901916e-09
1.998822529e+03 -9.767626519e-09
2.007831950e+03 -9.570983081e-09
2.016881980e+03 -9.426622324e-09
2.025972802e+03 -9.331300095e-09
2.035104599e+03 -9.226746570e-09
2.044277557e+03 -9.085390279e-09
2.053491860e+03 -8.925084466e-09
2.062747696e+03 -8.736494885e-09
2.072045251e+03 -8.529163982e-09
2.081384714e+03 -8.329588203e-09
2.090766273e+03 -8.164207051e-09
2.100190118e+03 -8.031143285e-09
2.109656440e+03 -7.906839304e-09
2.119165430e+03 -7.781271849e-09
2.128717281e+03 -7.635859335e-09
2.138312185e+03 -7.466058062e-09
2.147950337e+03 -7.319178515e-09
2.157631931e+03 -7.141282554e-09
2.167357164e+03 -6.991570053e-09
2.177126232e+03 -6.866076080e-09
2.186939333e+03 -6.757262370e-09
2.196796666e+03 -6.636851144e-09
2.206698428e+03 -6.504457393e-09
2.216644822e+03 -6.411943035e-09
2.226636048e+03 -6.296436451e-09
2.236672307e+03 -6.164130907e-09
2.246753804e+03 -6.067400206e-09
2.256880742e+03 -5.983223452e-09
2.267053326e+03 -5.886819400e-09
2.277271761e+03 -5.776293318e-09
2.287536254e+03 -5.689763998e-09
2.297847013e+03 -5.601424448e-09
2.308204247e+03 -5.480426324e-09
2.318608164e+03 -5.369921093e-09
2.329058976e+03 -5.281779658e-09
2.339556893e+03 -5.185370056e-09
2.350102128e+03 -5.079333663e-09
2.360694894e+03 -4.997190945e-09
2.371335406e+03 -4.921994936e-09
2.382023878e+03 -4.846574560e-09
2.392760528e+03 -4.756380573e-09
2.403545571e+03 -4.687553784e-09
2.414379226e+03 -4.611831832e-09
2.425261713e+03 -4.521535602e-09
2.436193251e+03 -4.435570043e-09
2.447174061e+03 -4.346596988e-09
2.458204366e+03 -4.260925937e-09
2.469284389e+03 -4.170139661e-09
2.480414353e+03 -4.084517056e-09
2.491594484e+03 -4.013854027e-09
2.502825008e+03 -3.937969827e-09
2.514106152e+03 -3.875876108e-09
2.525438144e+03 -3.813530101e-09
2.536821213e+03 -3.749547521e-09
2.548255591e+03 -3.696171084e-09
2.559741507e+03 -3.630211506e-09
2.571279194e+03 -3.567014695e-09
2.582868886e+03 -3.497878132e-09
2.594510817e+03 -3.439395716e-09
2.606205222e+03 -3.375050668e-09
2.617952339e+03 -3.304531381e-09
2.629752403e+03 -3.249444463e-09
2.641605655e+03 -3.195818146e-09
2.653512334e+03 -3.129619372e-09
2.665472681e+03 -3.065336593e-09
2.677486937e+03 -3.009190538e-09
2.689555346e+03 -2.946976969e-09
2.701678152e+03 -2.874598138e-09
2.713855599e+03 -2.812044041e-09
2.726087935e+03 -2.764997772e-09
2.738375406e+03 -2.709287896e-09
2.750718262e+03 -2.658202207e-09
2.763116751e+03 -2.624885622e-09
2.775571125e+03 -2.592102569e-09
2.788081635e+03 -2.549408816e-09
2.800648534e+03 -2.506798428e-09
2.813272077e+03 -2.466740239e-09
2.825952519e+03 -2.425213561e-09
2.838690117e+03 -2.363114864e-09
2.851485127e+03 -2.317723748e-09
2.864337809e+03 -2.275556753e-09
2.877248423e+03 -2.227512027e-09
2.890217230e+03 -2.186105563e-09
2.903244492e+03 -2.146271059e-09
2.916330472e+03 -2.116874378e-09
2.929475436e+03 -2.073712522e-09
2.942679649e+03 -2.034179110e-09
2.955943378e+03 -2.002830614e-09
2.969266891e+03 -1.965552290e-09
2.982650459e+03 -1.932577549e-09
2.996094351e+03 -1.900104370e-09
3.009598839e+03 -1.874123630e-09
3.023164197e+03 -1.845483884e-09
3.036790700e+03 -1.810547818e-09
3.050478622e+03 -1.780041595e-09
3.064228240e+03 -1.742576898e-09
3.078039833e+03 -1.707562284e-09
3.091913679e+03 -1.670263340e-09
3.105850061e+03 -1.637241981e-09
3.119849258e+03 -1.607356291e-09
3.133911555e+03 -1.579376818e-09
3.148037236e+03 -1.552833077e-09
3.162226587e+03 -1.524196757e-09
3.176479894e+03 -1.498031315e-09
3.190797446e+03 -1.470308352e-09
3.205179532e+03 -1.444492737e-09
3.219626444e+03 -1.413543662e-09
3.234138473e+03 -1.391435081e-09
3.248715913e+03 -1.366780364e-09
3.263359059e+03 -1.338602917e-09
3.278068207e+03 -1.311857842e-09
3.292843654e+03 -1.286414688e-09
3.307685700e+03 -1.265189123e-09
3.322594644e+03 -1.236939291e-09
3.337570789e+03 -1.215972323e-09
3.352614436e+03 -1.199386572e-09
3.367725890e+03 -1.175908325e-09
3.382905458e+03 -1.151138006e-09
3.398153445e+03 -1.125856092e-09
3.413470160e+03 -1.105362042e-09
3.428855914e+03 -1.082073998e-09
3.444311016e+03 -1.057372951e-09
3.459835781e+03 -1.043935314e-09
3.475430521e+03 -1.027387629e-09
3.491095552e+03 -1.008583634e-09
3.506831191e+03 -9.872848223e-10
3.522637757e+03 -9.702252338e-10
3.538515568e+03 -9.552222849e-10
3.554464947e+03 -9.351646496e-10
3.570486215e+03 -9.200243680e-10
3.586579697e+03 -9.065929094e-10
3.602745718e+03 -8.887456280e-10
3.618984606e+03 -8.674827666e-10
3.635296687e+03 -8.458958506e-10
3.651682294e+03 -8.288956128e-10
3.668141756e+03 -8.122164419e-10
3.684675407e+03 -7.963008345e-10
3.701283581e+03 -7.849155620e-10
3.717966615e+03 -7.729038780e-10
3.734724844e+03 -7.613486762e-10
3.751558610e+03 -7.475831975e-10
3.768468251e+03 -7.351249291e-10
3.785454110e+03 -7.214617884e-10
3.802516530e+03 -7.080242617e-10
3.819655858e+03 -6.938177052e-10
3.836872438e+03 -6.801282390e-10
3.854166619e+03 -6.663842259e-10
3.871538752e+03 -6.539612539e-10
3.888989188e+03 -6.426664307e-10
3.906518279e+03 -6.278663741e-10
3.924126379e+03 -6.159945183e-10
3.941813846e+03 -6.050935776e-10
3.959581037e+03 -5.976352804e-10
3.977428311e+03 -5.864359127e-10
3.995356029e+03 -5.727550476e-10
4.013364554e+03 -5.623274955e-10
4.031454250e+03 -5.505084530e-10
4.049625483e+03 -5.387262543e-10
4.067878620e+03 -5.247604533e-10
4.086214031e+03 -5.148438006e-10
4.104632086e+03 -5.085809329e-10
4.123133158e+03 -4.988000420e-10
4.141717621e+03 -4.881033832e-10
4.160385851e+03 -4.763018231e-10
4.179138225e+03 -4.673323822e-10
4.197975124e+03 -4.596547588e-10
4.216896927e+03 -4.493905786e-10
4.235904017e+03 -4.413862138e-10
4.254996779e+03 -4.322780942e-10
4.274175600e+03 -4.245570135e-10
4.293440866e+03 -4.157478138e-10
4.312792968e+03 -4.067910995e-10
4.332232297e+03 -3.996058516e-10
4.351759246e+03 -3.916506547e-10
4.371374210e+03 -3.840584071e-10
4.391077586e+03 -3.755474406e-10
4.410869772e+03 -3.669012156e-10
4.430751169e+03 -3.597978604e-10
4.450722178e+03 -3.527834418e-10
4.470783204e+03 -3.465983715e-10
4.490934653e+03 -3.406374483e-10
4.511176931e+03 -3.335875925e-10
4.531510449e+03 -3.272354603e-10
4.551935617e+03 -3.196169059e-10
4.572452849e+03 -3.126697808e-10
4.593062559e+03 -3.051691492e-10
4.613765165e+03 -2.981846086e-10
4.634561085e+03 -2.918315771e-10
4.655450740e+03 -2.862136727e-10
4.676434553e+03 -2.815757889e-10
4.697512947e+03 -2.766525950e-10
4.718686348e+03 -2.716934562e-10
4.739955187e+03 -2.657500664e-10
4.761319891e+03 -2.604478455e-10
4.782780894e+03 -2.545029779e-10
4.804338630e+03 -2.493979477e-10
4.825993534e+03 -2.434705191e-10
4.847746045e+03 -2.377221449e-10
4.869596602e+03 -2.328937234e-10
4.891545648e+03 -2.282413245e-10
4.913593626e+03 -2.248621102e-10
4.935740982e+03 -2.203422003e-10
4.957988165e+03 -2.150887602e-10
4.980335623e+03 -2.098962245e-10
