# [0] r, [1] xi
5.005545146e-01 2.316462708e+00
5.050770471e-01 2.314353254e+00
5.096404409e-01 2.312208124e+00
5.142450651e-01 2.310026127e+00
5.188912923e-01 2.307805215e+00
5.235794984e-01 2.305547548e+00
5.283100627e-01 2.303248911e+00
5.330833678e-01 2.300912773e+00
5.378997999e-01 2.298536050e+00
5.427597487e-01 2.296118382e+00
5.476636074e-01 2.293658904e+00
5.526117727e-01 2.291159497e+00
5.576046448e-01 2.288616534e+00
5.626426278e-01 2.286030795e+00
5.677261291e-01 2.283399560e+00
5.728555602e-01 2.280725704e+00
5.780313359e-01 2.278006343e+00
5.832538749e-01 2.275241077e+00
5.885235998e-01 2.272428428e+00
5.938409369e-01 2.269569613e+00
5.992063164e-01 2.266662355e+00
6.046201724e-01 2.263706957e+00
6.100829427e-01 2.260701729e+00
6.155950695e-01 2.257646767e+00
6.211569985e-01 2.254540569e+00
6.267691799e-01 2.251383174e+00
6.324320675e-01 2.248173988e+00
6.381461196e-01 2.244911196e+00
6.439117984e-01 2.241594573e+00
6.497295704e-01 2.238223798e+00
6.555999062e-01 2.234797521e+00
6.615232807e-01 2.231314673e+00
6.675001732e-01 2.227774882e+00
6.735310672e-01 2.224177956e+00
6.796164506e-01 2.220521697e+00
6.857568157e-01 2.216806416e+00
6.919526593e-01 2.213030774e+00
6.982044826e-01 2.209194565e+00
7.045127914e-01 2.205295983e+00
7.108780961e-01 2.201335096e+00
7.173009116e-01 2.197309976e+00
7.237817575e-01 2.193221062e+00
7.303211581e-01 2.189066534e+00
7.369196425e-01 2.184845908e+00
7.435777445e-01 2.180558099e+00
7.502960028e-01 2.176202904e+00
7.570749608e-01 2.171778249e+00
7.639151670e-01 2.167284303e+00
7.708171748e-01 2.162719621e+00
7.777815426e-01 2.158083557e+00
7.848088337e-01 2.153374977e+00
7.918996167e-01 2.148593464e+00
7.990544652e-01 2.143737470e+00
8.062739581e-01 2.138806642e+00
8.135586795e-01 2.133799490e+00
8.209092187e-01 2.128715809e+00
8.283261703e-01 2.123554011e+00
8.358101344e-01 2.118313518e+00
8.433617164e-01 2.112993387e+00
8.509815273e-01 2.107592772e+00
8.586701836e-01 2.102110409e+00
8.664283072e-01 2.096545976e+00
8.742565258e-01 2.090897940e+00
8.821554727e-01 2.085165927e+00
8.901257870e-01 2.079348599e+00
8.981681134e-01 2.073445384e+00
9.062831025e-01 2.067455019e+00
9.144714110e-01 2.061376974e+00
9.227337012e-01 2.055210094e+00
9.310706416e-01 2.048953650e+00
9.394829066e-01 2.042606732e+00
9.479711768e-01 2.036168487e+00
9.565361389e-01 2.029637842e+00
9.651784858e-01 2.023014311e+00
9.738989167e-01 2.016296670e+00
9.826981370e-01 2.009484450e+00
9.915768588e-01 2.002576514e+00
1.000535800e+00 1.995572329e+00
1.009575686e+00 1.988470827e+00
1.018697248e+00 1.981271518e+00
1.027901223e+00 1.973973313e+00
1.037188357e+00 1.966575836e+00
1.046559400e+00 1.959077968e+00
1.056015111e+00 1.951479337e+00
1.065556255e+00 1.943779002e+00
1.075183603e+00 1.935976482e+00
1.084897935e+00 1.928070996e+00
1.094700037e+00 1.920062063e+00
1.104590701e+00 1.911948917e+00
1.114570727e+00 1.903731183e+00
1.124640924e+00 1.895408131e+00
1.134802105e+00 1.886979440e+00
1.145055093e+00 1.878444412e+00
1.155400717e+00 1.869802828e+00
1.165839814e+00 1.861054087e+00
1.176373229e+00 1.852197987e+00
1.187001814e+00 1.843234041e+00
1.197726429e+00 1.834162049e+00
1.208547941e+00 1.824981669e+00
1.219467226e+00 1.815692774e+00
1.230485167e+00 1.806295117e+00
1.241602655e+00 1.796788647e+00
1.252820591e+00 1.787173214e+00
1.264139881e+00 1.777448850e+00
1.275561442e+00 1.767615534e+00
1.287086197e+00 1.757673389e+00
1.298715078e+00 1.747622489e+00
1.310449027e+00 1.737463096e+00
1.322288993e+00 1.727195393e+00
1.334235933e+00 1.716819755e+00
1.346290815e+00 1.706336495e+00
1.358454613e+00 1.695746122e+00
1.370728311e+00 1.685049092e+00
1.383112903e+00 1.674246028e+00
1.395609390e+00 1.663337539e+00
1.408218783e+00 1.652324402e+00
1.420942103e+00 1.641207371e+00
1.433780379e+00 1.629987373e+00
1.446734649e+00 1.618665316e+00
1.459805961e+00 1.607242308e+00
1.472995373e+00 1.595719433e+00
1.486303953e+00 1.584097948e+00
1.499732775e+00 1.572379120e+00
1.513282928e+00 1.560564386e+00
1.526955507e+00 1.548655205e+00
1.540751619e+00 1.536653196e+00
1.554672379e+00 1.524560025e+00
1.568718914e+00 1.512377496e+00
1.582892359e+00 1.500107479e+00
1.597193863e+00 1.487751981e+00
1.611624581e+00 1.475313089e+00
1.626185681e+00 1.462793016e+00
1.640878342e+00 1.450194064e+00
1.655703751e+00 1.437518671e+00
1.670663109e+00 1.424769362e+00
1.685757625e+00 1.411948791e+00
1.700988521e+00 1.399059724e+00
1.716357028e+00 1.386105044e+00
1.731864391e+00 1.373087744e+00
1.747511863e+00 1.360010945e+00
1.763300711e+00 1.346877881e+00
1.779232212e+00 1.333691908e+00
1.795307655e+00 1.320456503e+00
1.811528340e+00 1.307175258e+00
1.827895580e+00 1.293851893e+00
1.844410699e+00 1.280490246e+00
1.861075032e+00 1.267094281e+00
1.877889928e+00 1.253668064e+00
1.894856748e+00 1.240215807e+00
1.911976864e+00 1.226741813e+00
1.929251661e+00 1.213250528e+00
1.946682536e+00 1.199746489e+00
1.964270900e+00 1.186234373e+00
1.982018175e+00 1.172718938e+00
1.999925799e+00 1.159205088e+00
2.017995218e+00 1.145697794e+00
2.036227895e+00 1.132202173e+00
2.054625305e+00 1.118723397e+00
2.073188937e+00 1.105266781e+00
2.091920292e+00 1.091837689e+00
2.110820886e+00 1.078441614e+00
2.129892247e+00 1.065084089e+00
2.149135919e+00 1.051770775e+00
2.168553459e+00 1.038507349e+00
2.188146436e+00 1.025299611e+00
2.207916438e+00 1.012153363e+00
2.227865062e+00 9.990745177e-01
2.247993922e+00 9.860689737e-01
2.268304648e+00 9.731427230e-01
2.288798882e+00 9.603017289e-01
2.309478283e+00 9.475520321e-01
2.330344523e+00 9.348996248e-01
2.351399290e+00 9.223505570e-01
2.372644288e+00 9.099108067e-01
2.394081236e+00 8.975863946e-01
2.415711867e+00 8.853832416e-01
2.437537932e+00 8.733072916e-01
2.459561196e+00 8.613643621e-01
2.481783442e+00 8.495602699e-01
2.504206467e+00 8.379006765e-01
2.526832085e+00 8.263912191e-01
2.549662126e+00 8.150373495e-01
2.572698437e+00 8.038444674e-01
2.595942883e+00 7.928177558e-01
2.619397343e+00 7.819623176e-01
2.643063716e+00 7.712830069e-01
2.666943915e+00 7.607845653e-01
2.691039873e+00 7.504714543e-01
2.715353539e+00 7.403479916e-01
2.739886880e+00 7.304181782e-01
2.764641881e+00 7.206858409e-01
2.789620544e+00 7.111544551e-01
2.814824891e+00 7.018272890e-01
2.840256960e+00 6.927072250e-01
2.865918809e+00 6.837969053e-01
2.891812514e+00 6.750985530e-01
2.917940170e+00 6.666141190e-01
2.944303890e+00 6.583451025e-01
2.970905807e+00 6.502926989e-01
2.997748075e+00 6.424576218e-01
3.024832863e+00 6.348402526e-01
3.052162364e+00 6.274404615e-01
3.079738787e+00 6.202577619e-01
3.107564365e+00 6.132911300e-01
3.135641349e+00 6.065391634e-01
3.163972009e+00 5.999999011e-01
3.192558638e+00 5.936709865e-01
3.221403548e+00 5.875494881e-01
3.250509074e+00 5.816320671e-01
3.279877569e+00 5.759147994e-01
3.309511410e+00 5.703933483e-01
3.339412994e+00 5.650627889e-01
3.369584740e+00 5.599177851e-01
3.400029089e+00 5.549524181e-01
3.430748505e+00 5.501603681e-01
3.461745471e+00 5.455347461e-01
3.493022497e+00 5.410682820e-01
3.524582112e+00 5.367531603e-01
3.556426869e+00 5.325812134e-01
3.588559345e+00 5.285437631e-01
3.620982140e+00 5.246318195e-01
3.653697876e+00 5.208359278e-01
3.686709200e+00 5.171463731e-01
3.720018783e+00 5.135530327e-01
3.753629320e+00 5.100455875e-01
3.787543529e+00 5.066133800e-01
3.821764154e+00 5.032456313e-01
3.856293965e+00 4.999313052e-01
3.891135754e+00 4.966593313e-01
3.926292340e+00 4.934184738e-01
3.961766567e+00 4.901975612e-01
3.997561306e+00 4.869853594e-01
4.033679451e+00 4.837708061e-01
4.070123926e+00 4.805428897e-01
4.106897678e+00 4.772908860e-01
4.144003683e+00 4.740042417e-01
4.181444942e+00 4.706728142e-01
4.219224485e+00 4.672867567e-01
4.257345367e+00 4.638367598e-01
4.295810673e+00 4.603139383e-01
4.334623515e+00 4.567100721e-01
4.373787033e+00 4.530174912e-01
4.413304395e+00 4.492293169e-01
4.453178798e+00 4.453393423e-01
4.493413468e+00 4.413422698e-01
4.534011661e+00 4.372335869e-01
4.574976659e+00 4.330097963e-01
4.616311779e+00 4.286682856e-01
4.658020363e+00 4.242075470e-01
4.700105785e+00 4.196270380e-01
4.742571452e+00 4.149273888e-01
4.785420798e+00 4.101102509e-01
4.828657289e+00 4.051784896e-01
4.872284424e+00 4.001360182e-01
4.916305733e+00 3.949879729e-01
4.960724775e+00 3.897405301e-01
5.005545146e+00 3.844010621e-01
5.050770471e+00 3.789779348e-01
5.096404409e+00 3.734806424e-01
5.142450651e+00 3.679195844e-01
5.188912923e+00 3.623061780e-01
5.235794984e+00 3.566526132e-01
5.283100627e+00 3.509719422e-01
5.330833678e+00 3.452778134e-01
5.378997999e+00 3.395845381e-01
5.427597487e+00 3.339068035e-01
5.476636074e+00 3.282597193e-01
5.526117726e+00 3.226585117e-01
5.576046448e+00 3.171185517e-01
5.626426277e+00 3.116550352e-01
5.677261291e+00 3.062829965e-01
5.728555601e+00 3.010169786e-01
5.780313358e+00 2.958710388e-01
5.832538749e+00 2.908584145e-01
5.885235998e+00 2.859915277e-01
5.938409369e+00 2.812816552e-01
5.992063164e+00 2.767389390e-01
6.046201723e+00 2.723720692e-01
6.100829427e+00 2.681883103e-01
6.155950694e+00 2.641932064e-01
6.211569985e+00 2.603906325e-01
6.267691798e+00 2.567825318e-01
6.324320675e+00 2.533690025e-01
6.381461196e+00 2.501480763e-01
6.439117984e+00 2.471158497e-01
6.497295703e+00 2.442663131e-01
6.555999061e+00 2.415915347e-01
6.615232807e+00 2.390815465e-01
6.675001732e+00 2.367245866e-01
6.735310672e+00 2.345070474e-01
6.796164506e+00 2.324137789e-01
6.857568157e+00 2.304280998e-01
6.919526593e+00 2.285321613e-01
6.982044826e+00 2.267070173e-01
7.045127914e+00 2.249330434e-01
7.108780960e+00 2.231900596e-01
7.173009115e+00 2.214577922e-01
7.237817574e+00 2.197160358e-01
7.303211580e+00 2.179451435e-01
7.369196425e+00 2.161262094e-01
7.435777445e+00 2.142415657e-01
7.502960027e+00 2.122749628e-01
7.570749608e+00 2.102120492e-01
7.639151670e+00 2.080405210e-01
7.708171748e+00 2.057505569e-01
7.777815425e+00 2.033349099e-01
7.848088336e+00 2.007892667e-01
7.918996166e+00 1.981122530e-01
7.990544652e+00 1.953056919e-01
8.062739581e+00 1.923744958e-01
8.135586795e+00 1.893268012e-01
8.209092186e+00 1.861737289e-01
8.283261702e+00 1.829293796e-01
8.358101343e+00 1.796104538e-01
8.433617163e+00 1.762361036e-01
8.509815273e+00 1.728274154e-01
8.586701835e+00 1.694071287e-01
8.664283071e+00 1.659989988e-01
8.742565257e+00 1.626274090e-01
8.821554727e+00 1.593166467e-01
8.901257869e+00 1.560904504e-01
8.981681133e+00 1.529712496e-01
9.062831025e+00 1.499797026e-01
9.144714110e+00 1.471339613e-01
9.227337012e+00 1.444492670e-01
9.310706415e+00 1.419373106e-01
9.394829065e+00 1.396059575e-01
9.479711767e+00 1.374587733e-01
9.565361388e+00 1.354949453e-01
9.651784857e+00 1.337090356e-01
9.738989166e+00 1.320911532e-01
9.826981370e+00 1.306269774e-01
9.915768587e+00 1.292982102e-01
1.000535800e+01 1.280828838e-01
1.009575686e+01 1.269560902e-01
1.018697248e+01 1.258905503e-01
1.027901223e+01 1.248575764e-01
1.037188356e+01 1.238278389e-01
1.046559400e+01 1.227724774e-01
1.056015111e+01 1.216639592e-01
1.065556255e+01 1.204772169e-01
1.075183603e+01 1.191904630e-01
1.084897935e+01 1.177862059e-01
1.094700037e+01 1.162518668e-01
1.104590701e+01 1.145805213e-01
1.114570727e+01 1.127711720e-01
1.124640924e+01 1.108290807e-01
1.134802105e+01 1.087655834e-01
1.145055093e+01 1.065979271e-01
1.155400717e+01 1.043485734e-01
1.165839814e+01 1.020445270e-01
1.176373229e+01 9.971615969e-02
1.187001814e+01 9.739610815e-02
1.197726429e+01 9.511774505e-02
1.208547941e+01 9.291382071e-02
1.219467226e+01 9.081479788e-02
1.230485167e+01 8.884749151e-02
1.241602655e+01 8.703354966e-02
1.252820591e+01 8.538838945e-02
1.264139881e+01 8.392012441e-02
1.275561442e+01 8.262908348e-02
1.287086197e+01 8.150744094e-02
1.298715078e+01 8.053952703e-02
1.310449027e+01 7.970230462e-02
1.322288993e+01 7.896653664e-02
1.334235933e+01 7.829808405e-02
1.346290815e+01 7.765980596e-02
1.358454612e+01 7.701345370e-02
1.370728311e+01 7.632198098e-02
1.383112903e+01 7.555162382e-02
1.395609390e+01 7.467413991e-02
1.408218783e+01 7.366854653e-02
1.420942103e+01 7.252274405e-02
1.433780379e+01 7.123438380e-02
1.446734649e+01 6.981140187e-02
1.459805961e+01 6.827163534e-02
1.472995373e+01 6.664201324e-02
1.486303953e+01 6.495682701e-02
1.499732775e+01 6.325566661e-02
1.513282928e+01 6.158062736e-02
1.526955507e+01 5.997346610e-02
1.540751619e+01 5.847239566e-02
1.554672379e+01 5.710925623e-02
1.568718913e+01 5.590678866e-02
1.582892359e+01 5.487674712e-02
1.597193863e+01 5.401854047e-02
1.611624581e+01 5.331906116e-02
1.626185681e+01 5.275327898e-02
1.640878342e+01 5.228611070e-02
1.655703751e+01 5.187497610e-02
1.670663109e+01 5.147337104e-02
1.685757625e+01 5.103469645e-02
1.700988521e+01 5.051652102e-02
1.716357028e+01 4.988440609e-02
1.731864391e+01 4.911541223e-02
1.747511863e+01 4.820042758e-02
1.763300711e+01 4.714552073e-02
1.779232212e+01 4.597161850e-02
1.795307655e+01 4.471293655e-02
1.811528340e+01 4.341374153e-02
1.827895580e+01 4.212417647e-02
1.844410699e+01 4.089503152e-02
1.861075032e+01 3.977245647e-02
1.877889928e+01 3.879269303e-02
1.894856748e+01 3.797791474e-02
1.911976864e+01 3.733322159e-02
1.929251660e+01 3.684570709e-02
1.946682536e+01 3.648534468e-02
1.964270900e+01 3.620819821e-02
1.982018175e+01 3.596121875e-02
1.999925798e+01 3.568862666e-02
2.017995218e+01 3.533868029e-02
2.036227895e+01 3.487047734e-02
2.054625305e+01 3.425940841e-02
2.073188937e+01 3.350094121e-02
2.091920292e+01 3.261162509e-02
2.110820886e+01 3.162749013e-02
2.129892247e+01 3.059941069e-02
2.149135919e+01 2.958639184e-02
2.168553458e+01 2.864713591e-02
2.188146436e+01 2.783151661e-02
2.207916437e+01 2.717275336e-02
2.227865061e+01 2.668201800e-02
2.247993922e+01 2.634598420e-02
2.268304648e+01 2.612838209e-02
2.288798882e+01 2.597507505e-02
2.309478283e+01 2.582253140e-02
2.330344523e+01 2.560800171e-02
2.351399290e+01 2.528025848e-02
2.372644288e+01 2.480858553e-02
2.394081235e+01 2.418880205e-02
2.415711867e+01 2.344456677e-02
2.437537932e+01 2.262390880e-02
2.459561196e+01 2.179084588e-02
2.481783442e+01 2.101385151e-02
2.504206467e+01 2.035271370e-02
2.526832084e+01 1.984674627e-02
2.549662126e+01 1.950631101e-02
2.572698437e+01 1.931006551e-02
2.595942883e+01 1.920838501e-02
2.619397343e+01 1.913310841e-02
2.643063716e+01 1.901143571e-02
2.666943915e+01 1.878168847e-02
2.691039873e+01 1.840706999e-02
2.715353539e+01 1.788467233e-02
2.739886880e+01 1.724687944e-02
2.764641881e+01 1.655484223e-02
2.789620544e+01 1.588460060e-02
2.814824891e+01 1.530923626e-02
2.840256960e+01 1.488072723e-02
2.865918809e+01 1.461652125e-02
2.891812514e+01 1.449407044e-02
2.917940169e+01 1.445572736e-02
2.944303890e+01 1.442287234e-02
2.970905807e+01 1.431652832e-02
2.997748075e+01 1.407873809e-02
3.024832863e+01 1.368927613e-02
3.052162363e+01 1.317218057e-02
3.079738787e+01 1.259007032e-02
3.107564365e+01 1.202667300e-02
3.135641349e+01 1.156253847e-02
3.163972009e+01 1.125041693e-02
3.192558638e+01 1.109838703e-02
3.221403548e+01 1.106604233e-02
3.250509074e+01 1.107625253e-02
3.279877569e+01 1.103914108e-02
3.309511410e+01 1.088156392e-02
3.339412994e+01 1.057198785e-02
3.369584740e+01 1.013242490e-02
3.400029089e+01 9.631964332e-03
3.430748504e+01 9.163559592e-03
3.461745471e+01 8.810953286e-03
3.493022497e+01 8.617805938e-03
3.524582112e+01 8.570241659e-03
3.556426869e+01 8.600779620e-03
3.588559345e+01 8.612943194e-03
3.620982140e+01 8.518590347e-03
3.653697876e+01 8.273256109e-03
3.686709200e+01 7.895438843e-03
3.720018783e+01 7.460338276e-03
3.753629319e+01 7.069635300e-03
3.787543529e+01 6.808364925e-03
3.821764154e+01 6.707479153e-03
3.856293965e+01 6.728621591e-03
3.891135754e+01 6.779858764e-03
3.926292340e+01 6.756486155e-03
3.961766567e+01 6.589786012e-03
3.997561306e+01 6.280447443e-03
4.033679451e+01 5.900006759e-03
4.070123926e+01 5.557167993e-03
4.106897678e+01 5.344321735e-03
4.144003683e+01 5.289898179e-03
4.181444942e+01 5.342183536e-03
4.219224484e+01 5.394527854e-03
4.257345367e+01 5.341365509e-03
4.295810673e+01 5.135715643e-03
4.334623515e+01 4.816759227e-03
4.373787033e+01 4.489586386e-03
4.413304395e+01 4.266460418e-03
4.453178798e+01 4.201209495e-03
4.493413468e+01 4.255951364e-03
4.534011660e+01 4.321699951e-03
4.574976659e+01 4.283845891e-03
4.616311778e+01 4.093569478e-03
4.658020362e+01 3.800527608e-03
4.700105785e+01 3.522823970e-03
4.742571452e+01 3.370938509e-03
4.785420797e+01 3.373424828e-03
4.828657289e+01 3.455696626e-03
4.872284424e+01 3.489160798e-03
4.916305732e+01 3.380645053e-03
4.960724775e+01 3.139751358e-03
5.005545146e+01 2.874271760e-03
5.050770471e+01 2.712389817e-03
5.096404408e+01 2.706704854e-03
5.142450651e+01 2.792106894e-03
5.188912923e+01 2.833979006e-03
5.235794984e+01 2.733084911e-03
5.283100626e+01 2.506341226e-03
5.330833677e+01 2.275333457e-03
5.378997999e+01 2.167504227e-03
5.427597487e+01 2.208272153e-03
5.476636073e+01 2.297082370e-03
5.526117726e+01 2.292489524e-03
5.576046447e+01 2.137164437e-03
5.626426277e+01 1.911315327e-03
5.677261291e+01 1.761978839e-03
5.728555601e+01 1.766884508e-03
5.780313358e+01 1.859312015e-03
5.832538748e+01 1.889322638e-03
5.885235997e+01 1.769260478e-03
5.938409368e+01 1.562247109e-03
5.992063163e+01 1.421368865e-03
6.046201723e+01 1.433604506e-03
6.100829426e+01 1.527557043e-03
6.155950694e+01 1.546094547e-03
6.211569984e+01 1.414685926e-03
6.267691798e+01 1.224728716e-03
6.324320674e+01 1.134830057e-03
6.381461195e+01 1.191945677e-03
6.439117983e+01 1.275226768e-03
6.497295703e+01 1.234215995e-03
6.555999061e+01 1.067485660e-03
6.615232806e+01 9.269303067e-04
6.675001731e+01 9.340844040e-04
6.735310671e+01 1.027662730e-03
6.796164505e+01 1.038069368e-03
6.857568156e+01 9.036899590e-04
6.919526592e+01 7.535349509e-04
6.982044825e+01 7.389236428e-04
7.045127913e+01 8.297414458e-04
7.108780960e+01 8.524095412e-04
7.173009115e+01 7.292687151e-04
7.237817574e+01 5.897955654e-04
7.303211580e+01 5.882500589e-04
7.369196424e+01 6.789488799e-04
7.435777444e+01 6.808319011e-04
7.502960027e+01 5.473112049e-04
7.570749607e+01 4.396518665e-04
7.639151669e+01 4.801021919e-04
7.708171747e+01 5.591801379e-04
7.777815425e+01 5.069085013e-04
7.848088336e+01 3.677237739e-04
7.918996166e+01 3.303799867e-04
7.990544651e+01 4.151016773e-04
8.062739580e+01 4.369669321e-04
8.135586794e+01 3.216396458e-04
8.209092186e+01 2.367457194e-04
8.283261702e+01 2.987437409e-04
8.358101342e+01 3.632756432e-04
8.433617163e+01 2.859174290e-04
8.509815272e+01 1.898463285e-04
8.586701835e+01 2.388717309e-04
8.664283071e+01 3.267458584e-04
8.742565257e+01 2.803717241e-04
8.821554726e+01 1.987220753e-04
8.901257869e+01 2.601523726e-04
8.981681133e+01 3.643692993e-04
9.062831024e+01 3.349601277e-04
9.144714109e+01 2.835669427e-04
9.227337011e+01 3.776793996e-04
9.310706415e+01 4.831441242e-04
9.394829065e+01 4.493134239e-04
9.479711767e+01 4.355320535e-04
9.565361387e+01 5.574981825e-04
9.651784856e+01 6.233880329e-04
9.738989165e+01 5.648901697e-04
9.826981369e+01 5.916363288e-04
9.915768587e+01 6.999998752e-04
1.000535800e+02 6.774620009e-04
1.009575686e+02 6.091856272e-04
1.018697247e+02 6.710551880e-04
1.027901223e+02 6.974616085e-04
1.037188356e+02 5.927722168e-04
1.046559400e+02 5.742470694e-04
1.056015111e+02 6.199997638e-04
1.065556255e+02 5.279034557e-04
1.075183603e+02 4.465189346e-04
1.084897935e+02 4.853606979e-04
1.094700037e+02 4.242430992e-04
1.104590701e+02 3.132588700e-04
1.114570727e+02 3.373760085e-04
1.124640924e+02 3.057777603e-04
1.134802105e+02 1.896912053e-04
1.145055093e+02 2.053416515e-04
1.155400717e+02 1.936601157e-04
1.165839814e+02 8.452224909e-05
1.176373229e+02 1.019995178e-04
1.187001814e+02 9.919132905e-05
1.197726429e+02 3.762408733e-07
1.208547941e+02 2.966919862e-05
1.219467226e+02 2.273259672e-05
1.230485167e+02 -6.210049579e-05
1.241602655e+02 -1.605853812e-05
1.252820591e+02 -4.016529601e-05
1.264139881e+02 -1.019182255e-04
1.275561442e+02 -4.284628995e-05
1.287086196e+02 -9.427709482e-05
1.298715078e+02 -1.153458957e-04
1.310449027e+02 -6.454021658e-05
1.322288993e+02 -1.357861486e-04
1.334235933e+02 -1.046168906e-04
1.346290814e+02 -9.561543343e-05
1.358454612e+02 -1.509876775e-04
1.370728311e+02 -8.764661980e-05
1.383112902e+02 -1.371420932e-04
1.395609390e+02 -1.274318296e-04
1.408218783e+02 -9.912904508e-05
1.420942103e+02 -1.550454964e-04
1.433780378e+02 -9.345422959e-05
1.446734648e+02 -1.398551894e-04
1.459805961e+02 -1.203376337e-04
1.472995373e+02 -1.062732874e-04
1.486303952e+02 -1.450554627e-04
1.499732775e+02 -8.751003596e-05
1.513282928e+02 -1.459693690e-04
1.526955507e+02 -9.210281215e-05
1.540751619e+02 -1.271854367e-04
1.554672379e+02 -1.083628412e-04
1.568718913e+02 -1.034582151e-04
1.582892359e+02 -1.222478040e-04
1.597193863e+02 -8.544935020e-05
1.611624581e+02 -1.272701883e-04
1.626185681e+02 -7.598968662e-05
1.640878342e+02 -1.240788530e-04
1.655703751e+02 -7.298992006e-05
1.670663109e+02 -1.161543265e-04
1.685757625e+02 -7.310972282e-05
1.700988520e+02 -1.066880991e-04
1.716357028e+02 -7.386415691e-05
1.731864391e+02 -9.763183389e-05
1.747511863e+02 -7.406952165e-05
1.763300711e+02 -8.977527038e-05
1.779232212e+02 -7.333305287e-05
1.795307655e+02 -8.307055037e-05
1.811528340e+02 -7.156468288e-05
1.827895580e+02 -7.715477412e-05
1.844410698e+02 -6.891612403e-05
1.861075032e+02 -7.180230148e-05
1.877889928e+02 -6.572652091e-05
1.894856748e+02 -6.693303934e-05
1.911976864e+02 -6.229278433e-05
1.929251660e+02 -6.249309803e-05
1.946682536e+02 -5.886123454e-05
1.964270900e+02 -5.855321337e-05
1.982018175e+02 -5.572724385e-05
1.999925798e+02 -5.523649649e-05
2.017995218e+02 -5.302692300e-05
2.036227895e+02 -5.244220664e-05
2.054625305e+02 -5.061722269e-05
2.073188937e+02 -4.993475527e-05
2.091920292e+02 -4.834931349e-05
2.110820886e+02 -4.759586795e-05
2.129892247e+02 -4.616105229e-05
2.149135919e+02 -4.530871417e-05
2.168553458e+02 -4.389430091e-05
2.188146436e+02 -4.288325225e-05
2.207916437e+02 -4.143538629e-05
2.227865061e+02 -4.032320731e-05
2.247993922e+02 -3.890648793e-05
2.268304648e+02 -3.777427893e-05
2.288798882e+02 -3.640501116e-05
2.309478283e+02 -3.526190800e-05
2.330344522e+02 -3.394820540e-05
2.351399290e+02 -3.285809146e-05
2.372644288e+02 -3.167860257e-05
2.394081235e+02 -3.071022378e-05
2.415711867e+02 -2.966517018e-05
2.437537932e+02 -2.876287355e-05
2.459561196e+02 -2.776175813e-05
2.481783442e+02 -2.685741124e-05
2.504206467e+02 -2.586861935e-05
2.526832084e+02 -2.496871586e-05
2.549662125e+02 -2.400889131e-05
2.572698437e+02 -2.314003427e-05
2.595942883e+02 -2.224890976e-05
2.619397343e+02 -2.146921113e-05
2.643063716e+02 -2.069146822e-05
2.666943915e+02 -2.000136032e-05
2.691039873e+02 -1.928622792e-05
2.715353539e+02 -1.862444686e-05
2.739886880e+02 -1.794100062e-05
2.764641880e+02 -1.731955192e-05
2.789620544e+02 -1.669269387e-05
2.814824890e+02 -1.611514758e-05
2.840256960e+02 -1.551398123e-05
2.865918809e+02 -1.494118958e-05
2.891812513e+02 -1.435429513e-05
2.917940169e+02 -1.381381335e-05
2.944303889e+02 -1.327590504e-05
2.970905807e+02 -1.277648047e-05
2.997748074e+02 -1.227350499e-05
3.024832863e+02 -1.181005913e-05
3.052162363e+02 -1.135536249e-05
3.079738787e+02 -1.093776170e-05
3.107564365e+02 -1.051775032e-05
3.135641348e+02 -1.011976508e-05
3.163972009e+02 -9.718071525e-06
3.192558638e+02 -9.342562568e-06
3.221403548e+02 -8.968849950e-06
3.250509073e+02 -8.611920862e-06
3.279877569e+02 -8.243603163e-06
3.309511410e+02 -7.891964485e-06
3.339412994e+02 -7.553459252e-06
3.369584740e+02 -7.249554308e-06
3.400029089e+02 -6.950301789e-06
3.430748504e+02 -6.661384660e-06
3.461745471e+02 -6.369708332e-06
3.493022496e+02 -6.097321080e-06
3.524582111e+02 -5.831870153e-06
3.556426869e+02 -5.579959403e-06
3.588559345e+02 -5.320401084e-06
3.620982140e+02 -5.065303154e-06
3.653697876e+02 -4.815093926e-06
3.686709200e+02 -4.588163611e-06
3.720018783e+02 -4.366645081e-06
3.753629319e+02 -4.151520894e-06
3.787543528e+02 -3.938190218e-06
3.821764154e+02 -3.742440726e-06
3.856293964e+02 -3.551524009e-06
3.891135753e+02 -3.363527973e-06
3.926292339e+02 -3.167780635e-06
3.961766567e+02 -2.978614199e-06
3.997561305e+02 -2.798323237e-06
4.033679451e+02 -2.633520857e-06
4.070123926e+02 -2.468573292e-06
4.106897678e+02 -2.304665151e-06
4.144003683e+02 -2.144285219e-06
4.181444942e+02 -2.001007961e-06
4.219224484e+02 -1.861845052e-06
4.257345367e+02 -1.719493955e-06
4.295810673e+02 -1.571837465e-06
4.334623515e+02 -1.434950702e-06
4.373787033e+02 -1.306433795e-06
4.413304395e+02 -1.185014164e-06
4.453178798e+02 -1.063430243e-06
4.493413468e+02 -9.458792365e-07
4.534011660e+02 -8.338555757e-07
4.574976659e+02 -7.320206215e-07
4.616311778e+02 -6.268368112e-07
4.658020362e+02 -5.200149764e-07
4.700105785e+02 -4.202095298e-07
4.742571451e+02 -3.321336352e-07
4.785420797e+02 -2.432270040e-07
4.828657289e+02 -1.540385231e-07
4.872284424e+02 -6.771280448e-08
4.916305732e+02 9.776900766e-09
4.960724775e+02 8.364775719e-08
5.005545145e+02 1.585878504e-07
5.050770470e+02 2.373848235e-07
5.096404408e+02 3.098297221e-07
5.142450650e+02 3.739640554e-07
5.188912923e+02 4.356547385e-07
5.235794983e+02 5.048526583e-07
5.283100626e+02 5.714197802e-07
5.330833677e+02 6.300287481e-07
5.378997998e+02 6.860997664e-07
5.427597486e+02 7.461028513e-07
5.476636073e+02 8.056601689e-07
5.526117726e+02 8.629887577e-07
5.576046447e+02 9.148774094e-07
5.626426277e+02 9.669735900e-07
5.677261290e+02 1.021336119e-06
5.728555601e+02 1.073810561e-06
5.780313357e+02 1.119408302e-06
5.832538748e+02 1.164891019e-06
5.885235997e+02 1.214812228e-06
5.938409368e+02 1.261481548e-06
5.992063163e+02 1.299975175e-06
6.046201722e+02 1.338559017e-06
6.100829426e+02 1.377936364e-06
6.155950693e+02 1.416769677e-06
6.211569984e+02 1.451808365e-06
6.267691797e+02 1.482824422e-06
6.324320674e+02 1.512987611e-06
6.381461195e+02 1.545671063e-06
6.439117983e+02 1.574387231e-06
6.497295702e+02 1.597229201e-06
6.555999060e+02 1.621918300e-06
6.615232806e+02 1.650756588e-06
6.675001731e+02 1.674882564e-06
6.735310671e+02 1.695520311e-06
6.796164505e+02 1.717270980e-06
6.857568156e+02 1.741090275e-06
6.919526592e+02 1.764412331e-06
6.982044825e+02 1.786629770e-06
7.045127913e+02 1.806675648e-06
7.108780959e+02 1.828189241e-06
7.173009114e+02 1.852128847e-06
7.237817573e+02 1.873042977e-06
7.303211580e+02 1.892100773e-06
7.369196424e+02 1.914173988e-06
7.435777444e+02 1.936349329e-06
7.502960026e+02 1.954114443e-06
7.570749607e+02 1.971134675e-06
7.639151669e+02 1.990779072e-06
7.708171747e+02 2.008253900e-06
7.777815424e+02 2.023796183e-06
7.848088335e+02 2.037793833e-06
7.918996165e+02 2.051541798e-06
7.990544651e+02 2.065408595e-06
8.062739580e+02 2.078744234e-06
8.135586794e+02 2.088436558e-06
8.209092185e+02 2.098130116e-06
8.283261701e+02 2.110245300e-06
8.358101342e+02 2.121009255e-06
8.433617162e+02 2.128327109e-06
8.509815272e+02 2.137554988e-06
8.586701834e+02 2.148266824e-06
8.664283070e+02 2.156883771e-06
8.742565256e+02 2.164666922e-06
8.821554725e+02 2.173562298e-06
8.901257868e+02 2.182621700e-06
8.981681132e+02 2.191094264e-06
9.062831024e+02 2.199258896e-06
9.144714108e+02 2.206605796e-06
9.227337010e+02 2.214877291e-06
9.310706414e+02 2.223588326e-06
9.394829064e+02 2.230780839e-06
9.479711766e+02 2.237142746e-06
9.565361387e+02 2.245373206e-06
9.651784856e+02 2.253629046e-06
9.738989165e+02 2.259415089e-06
9.826981369e+02 2.265550488e-06
9.915768586e+02 2.273253776e-06
1.000535800e+03 2.279557706e-06
1.009575686e+03 2.284451094e-06
1.018697247e+03 2.289740917e-06
1.027901223e+03 2.295023739e-06
1.037188356e+03 2.299432685e-06
1.046559400e+03 2.303153439e-06
1.056015111e+03 2.306699677e-06
1.065556255e+03 2.309913793e-06
1.075183603e+03 2.313628682e-06
1.084897935e+03 2.316847527e-06
1.094700037e+03 2.319593461e-06
1.104590701e+03 2.323011433e-06
1.114570727e+03 2.327356090e-06
1.124640924e+03 2.330852608e-06
1.134802105e+03 2.333896658e-06
1.145055093e+03 2.338091258e-06
1.155400717e+03 2.342291750e-06
1.165839814e+03 2.345054635e-06
1.176373229e+03 2.348023088e-06
1.187001814e+03 2.351354257e-06
1.197726429e+03 2.354140060e-06
1.208547941e+03 2.356151192e-06
1.219467225e+03 2.358652259e-06
1.230485167e+03 2.361097328e-06
1.241602655e+03 2.363365232e-06
1.252820591e+03 2.365633011e-06
1.264139881e+03 2.367831973e-06
1.275561442e+03 2.369918207e-06
1.287086196e+03 2.372094244e-06
1.298715078e+03 2.373918297e-06
1.310449027e+03 2.375308807e-06
1.322288993e+03 2.376816094e-06
1.334235933e+03 2.378582898e-06
1.346290814e+03 2.379863190e-06
1.358454612e+03 2.381044851e-06
1.370728311e+03 2.382838859e-06
1.383112902e+03 2.384652485e-06
1.395609389e+03 2.385902589e-06
1.408218783e+03 2.387099586e-06
1.420942103e+03 2.388735255e-06
1.433780378e+03 2.389752819e-06
1.446734648e+03 2.390433610e-06
1.459805961e+03 2.391345415e-06
1.472995373e+03 2.392467118e-06
1.486303952e+03 2.393415422e-06
1.499732775e+03 2.394408204e-06
1.513282928e+03 2.395575066e-06
1.526955507e+03 2.396710921e-06
1.540751619e+03 2.397572869e-06
1.554672379e+03 2.398334665e-06
1.568718913e+03 2.398856441e-06
1.582892359e+03 2.399434552e-06
1.597193862e+03 2.400011358e-06
1.611624581e+03 2.400620307e-06
1.626185681e+03 2.401093077e-06
1.640878341e+03 2.401778532e-06
1.655703751e+03 2.402466322e-06
1.670663109e+03 2.402874175e-06
1.685757625e+03 2.403201258e-06
1.700988520e+03 2.403736132e-06
1.716357028e+03 2.404351351e-06
1.731864391e+03 2.404707874e-06
1.747511863e+03 2.405085248e-06
1.763300711e+03 2.405562613e-06
1.779232212e+03 2.405877324e-06
1.795307655e+03 2.405954670e-06
1.811528340e+03 2.406084476e-06
1.827895580e+03 2.406335314e-06
1.844410698e+03 2.406547996e-06
1.861075032e+03 2.406652790e-06
1.877889928e+03 2.406806682e-06
1.894856748e+03 2.406913041e-06
1.911976863e+03 2.407103115e-06
1.929251660e+03 2.407262465e-06
1.946682535e+03 2.407419007e-06
1.964270899e+03 2.407394969e-06
1.982018175e+03 2.407417765e-06
1.999925798e+03 2.407438022e-06
2.017995217e+03 2.407401742e-06
2.036227895e+03 2.407245740e-06
2.054625305e+03 2.407187398e-06
2.073188937e+03 2.407208110e-06
2.091920292e+03 2.407190268e-06
2.110820885e+03 2.407047501e-06
2.129892247e+03 2.406939044e-06
2.149135919e+03 2.406856271e-06
2.168553458e+03 2.406764455e-06
2.188146436e+03 2.406582121e-06
2.207916437e+03 2.406395860e-06
2.227865061e+03 2.406192284e-06
2.247993922e+03 2.405967727e-06
2.268304648e+03 2.405710900e-06
2.288798882e+03 2.405442849e-06
2.309478282e+03 2.405193955e-06
2.330344522e+03 2.404919977e-06
2.351399290e+03 2.404638186e-06
2.372644288e+03 2.404306898e-06
2.394081235e+03 2.403970747e-06
2.415711866e+03 2.403616084e-06
2.437537931e+03 2.403275665e-06
2.459561196e+03 2.402928081e-06
2.481783442e+03 2.402562435e-06
2.504206466e+03 2.402166708e-06
2.526832084e+03 2.401736643e-06
2.549662125e+03 2.401296766e-06
2.572698437e+03 2.400845861e-06
2.595942883e+03 2.400396488e-06
2.619397343e+03 2.399924808e-06
2.643063715e+03 2.399441723e-06
2.666943915e+03 2.398944765e-06
2.691039872e+03 2.398448402e-06
2.715353538e+03 2.397933610e-06
2.739886879e+03 2.397393598e-06
2.764641880e+03 2.396812694e-06
2.789620544e+03 2.396217481e-06
2.814824890e+03 2.395613582e-06
2.840256959e+03 2.395020327e-06
2.865918808e+03 2.394401812e-06
2.891812513e+03 2.393769818e-06
2.917940169e+03 2.393103940e-06
2.944303889e+03 2.392437482e-06
2.970905807e+03 2.391741253e-06
2.997748074e+03 2.391036149e-06
3.024832862e+03 2.390299970e-06
3.052162363e+03 2.389568373e-06
3.079738787e+03 2.388819942e-06
3.107564365e+03 2.388061292e-06
3.135641348e+03 2.387269784e-06
3.163972008e+03 2.386465740e-06
3.192558637e+03 2.385642731e-06
3.221403548e+03 2.384806062e-06
3.250509073e+03 2.383949037e-06
3.279877569e+03 2.383078296e-06
3.309511409e+03 2.382188728e-06
3.339412993e+03 2.381276589e-06
3.369584740e+03 2.380345414e-06
3.400029089e+03 2.379402984e-06
3.430748504e+03 2.378441443e-06
3.461745471e+03 2.377452745e-06
3.493022496e+03 2.376443428e-06
3.524582111e+03 2.375419386e-06
3.556426868e+03 2.374371039e-06
3.588559345e+03 2.373302769e-06
3.620982139e+03 2.372220322e-06
3.653697875e+03 2.371121710e-06
3.686709199e+03 2.369991239e-06
3.720018782e+03 2.368837209e-06
3.753629319e+03 2.367659975e-06
3.787543528e+03 2.366466937e-06
3.821764154e+03 2.365249732e-06
3.856293964e+03 2.364013976e-06
3.891135753e+03 2.362750003e-06
3.926292339e+03 2.361468089e-06
3.961766566e+03 2.360152690e-06
3.997561305e+03 2.358822009e-06
4.033679451e+03 2.357464056e-06
4.070123925e+03 2.356087272e-06
4.106897678e+03 2.354674900e-06
4.144003682e+03 2.353243493e-06
4.181444941e+03 2.351784294e-06
4.219224484e+03 2.350298489e-06
4.257345366e+03 2.348784906e-06
4.295810673e+03 2.347245649e-06
4.334623515e+03 2.345677375e-06
4.373787032e+03 2.344081960e-06
4.413304394e+03 2.342458810e-06
4.453178798e+03 2.340805584e-06
4.493413468e+03 2.339120841e-06
4.534011660e+03 2.337408843e-06
4.574976658e+03 2.335666866e-06
4.616311778e+03 2.333895436e-06
4.658020362e+03 2.332089527e-06
4.700105784e+03 2.330251193e-06
4.742571451e+03 2.328381281e-06
4.785420797e+03 2.326480461e-06
4.828657288e+03 2.324545613e-06
4.872284423e+03 2.322577909e-06
4.916305732e+03 2.320572580e-06
4.960724774e+03 2.318535219e-06
