# Matter correlation function
# Engine: CLASS
# Cosmology: Planck15
# Redshift: z = 1.
# Transformed: True
# Transformer: nbodykit.cosmology.correlation
# Transform options: extrap=False
# [0] r, [1] xi
5.002783810e-01 2.320329364e+00
5.025333178e-01 2.319274043e+00
5.047984186e-01 2.318209395e+00
5.070737289e-01 2.317136941e+00
5.093592949e-01 2.316054446e+00
5.116551628e-01 2.314963865e+00
5.139613790e-01 2.313861947e+00
5.162779901e-01 2.312751471e+00
5.186050431e-01 2.311631488e+00
5.209425849e-01 2.310501958e+00
5.232906629e-01 2.309362878e+00
5.256493245e-01 2.308213269e+00
5.280186175e-01 2.307053755e+00
5.303985897e-01 2.305885255e+00
5.327892894e-01 2.304706098e+00
5.351907648e-01 2.303518147e+00
5.376030645e-01 2.302318906e+00
5.400262373e-01 2.301109791e+00
5.424603323e-01 2.299889924e+00
5.449053986e-01 2.298659540e+00
5.473614857e-01 2.297419229e+00
5.498286433e-01 2.296168899e+00
5.523069213e-01 2.294907797e+00
5.547963698e-01 2.293636262e+00
5.572970391e-01 2.292353363e+00
5.598089799e-01 2.291060143e+00
5.623322428e-01 2.289755523e+00
5.648668791e-01 2.288439657e+00
5.674129399e-01 2.287112372e+00
5.699704767e-01 2.285774651e+00
5.725395412e-01 2.284425809e+00
5.751201855e-01 2.283065984e+00
5.777124617e-01 2.281694262e+00
5.803164222e-01 2.280311089e+00
5.829321197e-01 2.278915933e+00
5.855596071e-01 2.277509465e+00
5.881989375e-01 2.276090490e+00
5.908501644e-01 2.274660768e+00
5.935133413e-01 2.273218348e+00
5.961885221e-01 2.271764416e+00
5.988757609e-01 2.270298216e+00
6.015751121e-01 2.268819688e+00
6.042866303e-01 2.267328742e+00
6.070103702e-01 2.265826207e+00
6.097463871e-01 2.264309948e+00
6.124947361e-01 2.262781928e+00
6.152554730e-01 2.261241159e+00
6.180286536e-01 2.259687427e+00
6.208143338e-01 2.258120805e+00
6.236125702e-01 2.256541370e+00
6.264234192e-01 2.254948691e+00
6.292469377e-01 2.253343719e+00
6.320831828e-01 2.251725257e+00
6.349322120e-01 2.250093073e+00
6.377940827e-01 2.248447345e+00
6.406688530e-01 2.246788442e+00
6.435565809e-01 2.245115884e+00
6.464573248e-01 2.243429631e+00
6.493711434e-01 2.241729510e+00
6.522980957e-01 2.240015848e+00
6.552382408e-01 2.238288006e+00
6.581916383e-01 2.236545841e+00
6.611583477e-01 2.234789085e+00
6.641384292e-01 2.233018506e+00
6.671319431e-01 2.231233578e+00
6.701389497e-01 2.229434283e+00
6.731595101e-01 2.227620113e+00
6.761936852e-01 2.225791425e+00
6.792415364e-01 2.223947652e+00
6.823031255e-01 2.222089128e+00
6.853785142e-01 2.220215387e+00
6.884677648e-01 2.218326889e+00
6.915709398e-01 2.216422966e+00
6.946881019e-01 2.214504020e+00
6.978193142e-01 2.212569366e+00
7.009646401e-01 2.210619333e+00
7.041241430e-01 2.208653475e+00
7.072978870e-01 2.206672173e+00
7.104859362e-01 2.204674745e+00
7.136883551e-01 2.202661376e+00
7.169052085e-01 2.200631775e+00
7.201365614e-01 2.198586345e+00
7.233824792e-01 2.196524441e+00
7.266430276e-01 2.194446407e+00
7.299182724e-01 2.192351629e+00
7.332082799e-01 2.190240303e+00
7.365131167e-01 2.188112065e+00
7.398328496e-01 2.185967249e+00
7.431675457e-01 2.183805381e+00
7.465172726e-01 2.181626694e+00
7.498820978e-01 2.179430794e+00
7.532620896e-01 2.177217563e+00
7.566573162e-01 2.174986643e+00
7.600678463e-01 2.172738554e+00
7.634937490e-01 2.170472831e+00
7.669350934e-01 2.168189434e+00
7.703919492e-01 2.165888073e+00
7.738643864e-01 2.163568966e+00
7.773524751e-01 2.161231601e+00
7.808562858e-01 2.158876120e+00
7.843758895e-01 2.156502427e+00
7.879113574e-01 2.154110510e+00
7.914627609e-01 2.151699888e+00
7.950301718e-01 2.149270661e+00
7.986136624e-01 2.146822828e+00
8.022133051e-01 2.144356102e+00
8.058291726e-01 2.141870353e+00
8.094613383e-01 2.139365529e+00
8.131098754e-01 2.136841557e+00
8.167748577e-01 2.134298290e+00
8.204563595e-01 2.131735637e+00
8.241544552e-01 2.129153555e+00
8.278692195e-01 2.126551594e+00
8.316007277e-01 2.123929987e+00
8.353490551e-01 2.121288333e+00
8.391142775e-01 2.118626959e+00
8.428964712e-01 2.115945387e+00
8.466957127e-01 2.113243680e+00
8.505120786e-01 2.110521422e+00
8.543456464e-01 2.107778875e+00
8.581964934e-01 2.105015661e+00
8.620646976e-01 2.102231912e+00
8.659503372e-01 2.099427307e+00
8.698534908e-01 2.096601847e+00
8.737742373e-01 2.093755240e+00
8.777126561e-01 2.090887648e+00
8.816688268e-01 2.087998744e+00
8.856428293e-01 2.085088561e+00
8.896347441e-01 2.082156756e+00
8.936446520e-01 2.079203531e+00
8.976726339e-01 2.076228506e+00
9.017187715e-01 2.073231693e+00
9.057831464e-01 2.070212890e+00
9.098658410e-01 2.067172158e+00
9.139669378e-01 2.064109129e+00
9.180865197e-01 2.061024074e+00
9.222246701e-01 2.057916479e+00
9.263814726e-01 2.054786415e+00
9.305570113e-01 2.051633745e+00
9.347513707e-01 2.048458507e+00
9.389646356e-01 2.045260377e+00
9.431968913e-01 2.042039428e+00
9.474482232e-01 2.038795282e+00
9.517187175e-01 2.035528086e+00
9.560084604e-01 2.032237611e+00
9.603175388e-01 2.028923888e+00
9.646460397e-01 2.025586602e+00
9.689940508e-01 2.022225840e+00
9.733616599e-01 2.018841348e+00
9.777489555e-01 2.015433189e+00
9.821560262e-01 2.012001054e+00
9.865829611e-01 2.008545052e+00
9.910298499e-01 2.005064913e+00
9.954967824e-01 2.001560670e+00
9.999838491e-01 1.998032089e+00
1.004491141e+00 1.994479180e+00
1.009018748e+00 1.990901751e+00
1.013566763e+00 1.987299885e+00
1.018135278e+00 1.983673236e+00
1.022724384e+00 1.980021881e+00
1.027334175e+00 1.976345635e+00
1.031964745e+00 1.972644541e+00
1.036616186e+00 1.968918356e+00
1.041288593e+00 1.965167099e+00
1.045982060e+00 1.961390508e+00
1.050696682e+00 1.957588747e+00
1.055432554e+00 1.953761539e+00
1.060189773e+00 1.949908897e+00
1.064968435e+00 1.946030666e+00
1.069768635e+00 1.942126829e+00
1.074590472e+00 1.938197239e+00
1.079434043e+00 1.934241908e+00
1.084299445e+00 1.930260640e+00
1.089186778e+00 1.926253519e+00
1.094096140e+00 1.922220282e+00
1.099027629e+00 1.918160999e+00
1.103981347e+00 1.914075490e+00
1.108957393e+00 1.909963843e+00
1.113955868e+00 1.905825803e+00
1.118976873e+00 1.901661445e+00
1.124020509e+00 1.897470595e+00
1.129086879e+00 1.893253331e+00
1.134176085e+00 1.889009447e+00
1.139288230e+00 1.884738961e+00
1.144423417e+00 1.880441767e+00
1.149581750e+00 1.876117911e+00
1.154763334e+00 1.871767221e+00
1.159968273e+00 1.867389760e+00
1.165196672e+00 1.862985361e+00
1.170448638e+00 1.858554112e+00
1.175724277e+00 1.854095840e+00
1.181023694e+00 1.849610625e+00
1.186346998e+00 1.845098337e+00
1.191694296e+00 1.840558982e+00
1.197065696e+00 1.835992483e+00
1.202461308e+00 1.831398895e+00
1.207881239e+00 1.826778115e+00
1.213325599e+00 1.822130160e+00
1.218794500e+00 1.817454952e+00
1.224288051e+00 1.812752579e+00
1.229806363e+00 1.808022911e+00
1.235349548e+00 1.803266017e+00
1.240917718e+00 1.798481814e+00
1.246510987e+00 1.793670386e+00
1.252129466e+00 1.788831629e+00
1.257773269e+00 1.783965627e+00
1.263442512e+00 1.779072313e+00
1.269137307e+00 1.774151763e+00
1.274857771e+00 1.769203912e+00
1.280604020e+00 1.764228864e+00
1.286376168e+00 1.759226521e+00
1.292174334e+00 1.754197004e+00
1.297998635e+00 1.749140261e+00
1.303849187e+00 1.744056411e+00
1.309726111e+00 1.738945362e+00
1.315629523e+00 1.733807265e+00
1.321559545e+00 1.728642077e+00
1.327516295e+00 1.723449908e+00
1.333499895e+00 1.718230719e+00
1.339510464e+00 1.712984656e+00
1.345548126e+00 1.707711691e+00
1.351613001e+00 1.702411953e+00
1.357705214e+00 1.697085445e+00
1.363824885e+00 1.691732291e+00
1.369972141e+00 1.686352505e+00
1.376147104e+00 1.680946228e+00
1.382349901e+00 1.675513468e+00
1.388580655e+00 1.670054374e+00
1.394839494e+00 1.664568995e+00
1.401126544e+00 1.659057471e+00
1.407441931e+00 1.653519832e+00
1.413785785e+00 1.647956260e+00
1.420158232e+00 1.642366808e+00
1.426559403e+00 1.636751630e+00
1.432989426e+00 1.631110799e+00
1.439448431e+00 1.625444495e+00
1.445936549e+00 1.619752794e+00
1.452453912e+00 1.614035888e+00
1.459000651e+00 1.608293862e+00
1.465576898e+00 1.602526915e+00
1.472182787e+00 1.596735154e+00
1.478818451e+00 1.590918777e+00
1.485484025e+00 1.585077895e+00
1.492179642e+00 1.579212742e+00
1.498905440e+00 1.573323427e+00
1.505661552e+00 1.567410179e+00
1.512448117e+00 1.561473151e+00
1.519265272e+00 1.555512572e+00
1.526113154e+00 1.549528588e+00
1.532991902e+00 1.543521460e+00
1.539901655e+00 1.537491349e+00
1.546842552e+00 1.531438519e+00
1.553814735e+00 1.525363144e+00
1.560818344e+00 1.519265497e+00
1.567853521e+00 1.513145777e+00
1.574920408e+00 1.507004259e+00
1.582019148e+00 1.500841152e+00
1.589149885e+00 1.494656762e+00
1.596312762e+00 1.488451295e+00
1.603507925e+00 1.482225069e+00
1.610735519e+00 1.475978322e+00
1.617995691e+00 1.469711366e+00
1.625288587e+00 1.463424454e+00
1.632614355e+00 1.457117923e+00
1.639973142e+00 1.450792035e+00
1.647365099e+00 1.444447139e+00
1.654790373e+00 1.438083510e+00
1.662249116e+00 1.431701518e+00
1.669741478e+00 1.425301447e+00
1.677267611e+00 1.418883671e+00
1.684827667e+00 1.412448508e+00
1.692421799e+00 1.405996339e+00
1.700050161e+00 1.399527491e+00
1.707712906e+00 1.393042370e+00
1.715410190e+00 1.386541307e+00
1.723142169e+00 1.380024724e+00
1.730908998e+00 1.373492974e+00
1.738710836e+00 1.366946489e+00
1.746547839e+00 1.360385637e+00
1.754420166e+00 1.353810864e+00
1.762327977e+00 1.347222561e+00
1.770271431e+00 1.340621175e+00
1.778250689e+00 1.334007122e+00
1.786265913e+00 1.327380867e+00
1.794317264e+00 1.320742829e+00
1.802404905e+00 1.314093498e+00
1.810529001e+00 1.307433304e+00
1.818689715e+00 1.300762751e+00
1.826887212e+00 1.294082289e+00
1.835121658e+00 1.287392436e+00
1.843393219e+00 1.280693654e+00
1.851702064e+00 1.273986479e+00
1.860048360e+00 1.267271389e+00
1.868432275e+00 1.260548924e+00
1.876853980e+00 1.253819591e+00
1.885313645e+00 1.247083940e+00
1.893811440e+00 1.240342489e+00
1.902347538e+00 1.233595810e+00
1.910922111e+00 1.226844430e+00
1.919535333e+00 1.220088935e+00
1.928187378e+00 1.213329872e+00
1.936878421e+00 1.206567838e+00
1.945608638e+00 1.199803394e+00
1.954378204e+00 1.193037152e+00
1.963187299e+00 1.186269686e+00
1.972036099e+00 1.179501623e+00
1.980924784e+00 1.172733550e+00
1.989853534e+00 1.165966107e+00
1.998822528e+00 1.159199897e+00
2.007831950e+00 1.152435572e+00
2.016881980e+00 1.145673745e+00
2.025972801e+00 1.138915084e+00
2.035104599e+00 1.132160216e+00
2.044277557e+00 1.125409817e+00
2.053491860e+00 1.118664529e+00
2.062747696e+00 1.111925038e+00
2.072045251e+00 1.105192001e+00
2.081384714e+00 1.098466113e+00
2.090766273e+00 1.091748042e+00
2.100190118e+00 1.085038495e+00
2.109656440e+00 1.078338147e+00
2.119165430e+00 1.071647718e+00
2.128717280e+00 1.064967895e+00
2.138312185e+00 1.058299403e+00
2.147950337e+00 1.051642942e+00
2.157631931e+00 1.044999242e+00
2.167357164e+00 1.038369012e+00
2.177126232e+00 1.031752992e+00
2.186939333e+00 1.025151898e+00
2.196796665e+00 1.018566476e+00
2.206698428e+00 1.011997447e+00
2.216644822e+00 1.005445566e+00
2.226636048e+00 9.989115597e-01
2.236672307e+00 9.923961871e-01
2.246753804e+00 9.859001800e-01
2.256880742e+00 9.794242996e-01
2.267053325e+00 9.729692837e-01
2.277271761e+00 9.665358958e-01
2.287536254e+00 9.601248758e-01
2.297847013e+00 9.537369891e-01
2.308204246e+00 9.473729778e-01
2.318608164e+00 9.410336075e-01
2.329058975e+00 9.347196202e-01
2.339556893e+00 9.284317810e-01
2.350102128e+00 9.221708297e-01
2.360694894e+00 9.159375295e-01
2.371335406e+00 9.097326194e-01
2.382023878e+00 9.035568586e-01
2.392760527e+00 8.974109812e-01
2.403545571e+00 8.912957410e-01
2.414379226e+00 8.852118683e-01
2.425261713e+00 8.791601101e-01
2.436193251e+00 8.731411892e-01
2.447174061e+00 8.671558445e-01
2.458204366e+00 8.612047911e-01
2.469284388e+00 8.552887573e-01
2.480414353e+00 8.494084483e-01
2.491594484e+00 8.435645809e-01
2.502825008e+00 8.377578483e-01
2.514106152e+00 8.319889546e-01
2.525438144e+00 8.262585795e-01
2.536821213e+00 8.205674112e-01
2.548255591e+00 8.149161145e-01
2.559741507e+00 8.093053609e-01
2.571279194e+00 8.037357976e-01
2.582868886e+00 7.982080774e-01
2.594510817e+00 7.927228277e-01
2.606205222e+00 7.872806815e-01
2.617952339e+00 7.818822454e-01
2.629752403e+00 7.765281285e-01
2.641605655e+00 7.712189146e-01
2.653512334e+00 7.659551881e-01
2.665472681e+00 7.607375076e-01
2.677486937e+00 7.555664313e-01
2.689555346e+00 7.504424900e-01
2.701678152e+00 7.453662130e-01
2.713855599e+00 7.403381024e-01
2.726087935e+00 7.353586558e-01
2.738375406e+00 7.304283439e-01
2.750718262e+00 7.255476318e-01
2.763116751e+00 7.207169566e-01
2.775571124e+00 7.159367482e-01
2.788081635e+00 7.112074076e-01
2.800648534e+00 7.065293279e-01
2.813272077e+00 7.019028727e-01
2.825952519e+00 6.973283953e-01
2.838690117e+00 6.928062193e-01
2.851485127e+00 6.883366570e-01
2.864337809e+00 6.839199902e-01
2.877248423e+00 6.795564873e-01
2.890217230e+00 6.752463863e-01
2.903244491e+00 6.709899105e-01
2.916330472e+00 6.667872518e-01
2.929475436e+00 6.626385862e-01
2.942679648e+00 6.585440576e-01
2.955943377e+00 6.545037924e-01
2.969266891e+00 6.505178850e-01
2.982650458e+00 6.465864110e-01
2.996094350e+00 6.427094130e-01
3.009598839e+00 6.388869138e-01
3.023164197e+00 6.351189024e-01
3.036790700e+00 6.314053471e-01
3.050478621e+00 6.277461829e-01
3.064228240e+00 6.241413214e-01
3.078039833e+00 6.205906408e-01
3.091913679e+00 6.170939958e-01
3.105850060e+00 6.136512073e-01
3.119849258e+00 6.102620701e-01
3.133911555e+00 6.069263465e-01
3.148037236e+00 6.036437720e-01
3.162226586e+00 6.004140485e-01
3.176479893e+00 5.972368505e-01
3.190797445e+00 5.941118190e-01
3.205179532e+00 5.910385668e-01
3.219626443e+00 5.880166734e-01
3.234138473e+00 5.850456894e-01
3.248715913e+00 5.821251318e-01
3.263359059e+00 5.792544887e-01
3.278068207e+00 5.764332149e-01
3.292843654e+00 5.736607356e-01
3.307685700e+00 5.709364427e-01
3.322594644e+00 5.682596990e-01
3.337570789e+00 5.656298340e-01
3.352614436e+00 5.630461480e-01
3.367725890e+00 5.605079086e-01
3.382905458e+00 5.580143546e-01
3.398153445e+00 5.555646923e-01
3.413470160e+00 5.531580992e-01
3.428855913e+00 5.507937218e-01
3.444311016e+00 5.484706779e-01
3.459835780e+00 5.461880552e-01
3.475430520e+00 5.439449128e-01
3.491095552e+00 5.417402817e-01
3.506831191e+00 5.395731645e-01
3.522637757e+00 5.374425368e-01
3.538515568e+00 5.353473471e-01
3.554464947e+00 5.332865178e-01
3.570486215e+00 5.312589460e-01
3.586579697e+00 5.292635036e-01
3.602745718e+00 5.272990388e-01
3.618984605e+00 5.253643763e-01
3.635296687e+00 5.234583184e-01
3.651682294e+00 5.215796465e-01
3.668141756e+00 5.197271202e-01
3.684675407e+00 5.178994810e-01
3.701283581e+00 5.160954503e-01
3.717966614e+00 5.143137336e-01
3.734724844e+00 5.125530184e-01
3.751558609e+00 5.108119787e-01
3.768468251e+00 5.090892728e-01
3.785454110e+00 5.073835484e-01
3.802516530e+00 5.056934393e-01
3.819655857e+00 5.040175716e-01
3.836872438e+00 5.023545610e-01
3.854166619e+00 5.007030178e-01
3.871538752e+00 4.990615441e-01
3.888989187e+00 4.974287409e-01
3.906518278e+00 4.958032034e-01
3.924126379e+00 4.941835286e-01
3.941813846e+00 4.925683118e-01
3.959581037e+00 4.909561531e-01
3.977428311e+00 4.893456537e-01
3.995356029e+00 4.877354238e-01
4.013364554e+00 4.861240778e-01
4.031454250e+00 4.845102433e-01
4.049625483e+00 4.828925550e-01
4.067878620e+00 4.812696652e-01
4.086214031e+00 4.796402367e-01
4.104632086e+00 4.780029534e-01
4.123133158e+00 4.763565146e-01
4.141717621e+00 4.746996439e-01
4.160385851e+00 4.730310838e-01
4.179138225e+00 4.713496058e-01
4.197975123e+00 4.696540043e-01
4.216896926e+00 4.679431065e-01
4.235904017e+00 4.662157661e-01
4.254996779e+00 4.644708741e-01
4.274175600e+00 4.627073518e-01
4.293440866e+00 4.609241622e-01
4.312792968e+00 4.591203020e-01
4.332232297e+00 4.572948137e-01
4.351759246e+00 4.554467776e-01
4.371374210e+00 4.535753233e-01
4.391077586e+00 4.516796226e-01
4.410869772e+00 4.497588998e-01
4.430751168e+00 4.478124252e-01
4.450722178e+00 4.458395255e-01
4.470783204e+00 4.438395763e-01
4.490934652e+00 4.418120139e-01
4.511176931e+00 4.397563258e-01
4.531510448e+00 4.376720639e-01
4.551935617e+00 4.355588347e-01
4.572452848e+00 4.334163114e-01
4.593062559e+00 4.312442248e-01
4.613765165e+00 4.290423750e-01
4.634561085e+00 4.268106223e-01
4.655450740e+00 4.245488984e-01
4.676434552e+00 4.222571971e-01
4.697512946e+00 4.199355861e-01
4.718686348e+00 4.175841961e-01
4.739955186e+00 4.152032336e-01
4.761319891e+00 4.127929694e-01
4.782780894e+00 4.103537509e-01
4.804338630e+00 4.078859903e-01
4.825993534e+00 4.053901773e-01
4.847746045e+00 4.028668665e-01
4.869596602e+00 4.003166897e-01
4.891545648e+00 3.977403436e-01
4.913593626e+00 3.951386011e-01
4.935740982e+00 3.925122991e-01
4.957988164e+00 3.898623499e-01
4.980335623e+00 3.871897277e-01
5.002783810e+00 3.844954802e-01
5.025333179e+00 3.817807152e-01
5.047984186e+00 3.790466111e-01
5.070737289e+00 3.762944035e-01
5.093592949e+00 3.735253955e-01
5.116551628e+00 3.707409440e-01
5.139613790e+00 3.679424690e-01
5.162779901e+00 3.651314402e-01
5.186050431e+00 3.623093860e-01
5.209425849e+00 3.594778792e-01
5.232906629e+00 3.566385463e-01
5.256493245e+00 3.537930520e-01
5.280186175e+00 3.509431094e-01
5.303985898e+00 3.480904628e-01
5.327892894e+00 3.452368984e-01
5.351907648e+00 3.423842269e-01
5.376030645e+00 3.395342931e-01
5.400262374e+00 3.366889590e-01
5.424603323e+00 3.338501124e-01
5.449053986e+00 3.310196503e-01
5.473614857e+00 3.281994871e-01
5.498286433e+00 3.253915372e-01
5.523069213e+00 3.225977238e-01
5.547963698e+00 3.198199607e-01
5.572970391e+00 3.170601611e-01
5.598089799e+00 3.143202189e-01
5.623322429e+00 3.116020177e-01
5.648668791e+00 3.089074119e-01
5.674129399e+00 3.062382357e-01
5.699704767e+00 3.035962834e-01
5.725395412e+00 3.009833191e-01
5.751201855e+00 2.984010568e-01
5.777124617e+00 2.958511697e-01
5.803164222e+00 2.933352708e-01
5.829321197e+00 2.908549220e-01
5.855596071e+00 2.884116146e-01
5.881989375e+00 2.860067788e-01
5.908501644e+00 2.836417645e-01
5.935133413e+00 2.813178504e-01
5.961885221e+00 2.790362254e-01
5.988757609e+00 2.767979982e-01
6.015751121e+00 2.746041782e-01
6.042866303e+00 2.724556864e-01
6.070103702e+00 2.703533360e-01
6.097463871e+00 2.682978438e-01
6.124947362e+00 2.662898113e-01
6.152554730e+00 2.643297368e-01
6.180286536e+00 2.624179970e-01
6.208143338e+00 2.605548591e-01
6.236125702e+00 2.587404635e-01
6.264234192e+00 2.569748365e-01
6.292469377e+00 2.552578738e-01
6.320831829e+00 2.535893534e-01
6.349322120e+00 2.519689203e-01
6.377940828e+00 2.503961000e-01
6.406688530e+00 2.488702839e-01
6.435565809e+00 2.473907440e-01
6.464573248e+00 2.459566188e-01
6.493711435e+00 2.445669290e-01
6.522980957e+00 2.432205642e-01
6.552382409e+00 2.419162998e-01
6.581916383e+00 2.406527843e-01
6.611583477e+00 2.394285577e-01
6.641384292e+00 2.382420390e-01
6.671319431e+00 2.370915460e-01
6.701389497e+00 2.359752841e-01
6.731595101e+00 2.348913663e-01
6.761936852e+00 2.338378037e-01
6.792415364e+00 2.328125260e-01
6.823031255e+00 2.318133733e-01
6.853785142e+00 2.308381171e-01
6.884677648e+00 2.298844532e-01
6.915709398e+00 2.289500241e-01
6.946881019e+00 2.280324117e-01
6.978193142e+00 2.271291613e-01
7.009646401e+00 2.262377749e-01
7.041241430e+00 2.253557359e-01
7.072978870e+00 2.244805028e-01
7.104859362e+00 2.236095348e-01
7.136883552e+00 2.227402861e-01
7.169052085e+00 2.218702317e-01
7.201365615e+00 2.209968622e-01
7.233824792e+00 2.201177101e-01
7.266430276e+00 2.192303446e-01
7.299182724e+00 2.183323981e-01
7.332082799e+00 2.174215610e-01
7.365131167e+00 2.164956085e-01
7.398328496e+00 2.155523948e-01
7.431675457e+00 2.145898797e-01
7.465172726e+00 2.136061230e-01
7.498820978e+00 2.125993100e-01
7.532620896e+00 2.115677455e-01
7.566573162e+00 2.105098790e-01
7.600678464e+00 2.094242972e-01
7.634937490e+00 2.083097487e-01
7.669350934e+00 2.071651359e-01
7.703919493e+00 2.059895377e-01
7.738643864e+00 2.047822005e-01
7.773524751e+00 2.035425599e-01
7.808562858e+00 2.022702298e-01
7.843758895e+00 2.009650226e-01
7.879113574e+00 1.996269366e-01
7.914627609e+00 1.982561746e-01
7.950301718e+00 1.968531297e-01
7.986136624e+00 1.954184013e-01
8.022133051e+00 1.939527790e-01
8.058291727e+00 1.924572573e-01
8.094613383e+00 1.909330166e-01
8.131098754e+00 1.893814357e-01
8.167748578e+00 1.878040714e-01
8.204563596e+00 1.862026680e-01
8.241544552e+00 1.845791346e-01
8.278692196e+00 1.829355529e-01
8.316007277e+00 1.812741523e-01
8.353490551e+00 1.795973150e-01
8.391142775e+00 1.779075491e-01
8.428964712e+00 1.762074917e-01
8.466957127e+00 1.744998804e-01
8.505120787e+00 1.727875538e-01
8.543456464e+00 1.710734212e-01
8.581964934e+00 1.693604621e-01
8.620646976e+00 1.676516940e-01
8.659503372e+00 1.659501702e-01
8.698534908e+00 1.642589465e-01
8.737742374e+00 1.625810783e-01
8.777126561e+00 1.609195862e-01
8.816688268e+00 1.592774524e-01
8.856428293e+00 1.576575860e-01
8.896347442e+00 1.560628191e-01
8.936446520e+00 1.544958725e-01
8.976726340e+00 1.529593520e-01
9.017187715e+00 1.514557146e-01
9.057831465e+00 1.499872655e-01
9.098658410e+00 1.485561256e-01
9.139669378e+00 1.471642308e-01
9.180865197e+00 1.458132999e-01
9.222246701e+00 1.445048360e-01
9.263814726e+00 1.432400979e-01
9.305570113e+00 1.420201033e-01
9.347513707e+00 1.408456024e-01
9.389646357e+00 1.397170851e-01
9.431968913e+00 1.386347578e-01
9.474482232e+00 1.375985536e-01
9.517187175e+00 1.366081133e-01
9.560084604e+00 1.356627995e-01
9.603175388e+00 1.347616816e-01
9.646460397e+00 1.339035538e-01
9.689940508e+00 1.330869252e-01
9.733616600e+00 1.323100418e-01
9.777489555e+00 1.315708805e-01
9.821560262e+00 1.308671769e-01
9.865829612e+00 1.301964225e-01
9.910298499e+00 1.295558974e-01
9.954967825e+00 1.289426722e-01
9.999838491e+00 1.283536439e-01
1.004491141e+01 1.277855425e-01
1.009018748e+01 1.272349705e-01
1.013566763e+01 1.266984128e-01
1.018135278e+01 1.261722793e-01
1.022724384e+01 1.256529178e-01
1.027334176e+01 1.251366592e-01
1.031964745e+01 1.246198318e-01
1.036616186e+01 1.240988086e-01
1.041288593e+01 1.235700223e-01
1.045982060e+01 1.230300133e-01
1.050696682e+01 1.224754446e-01
1.055432554e+01 1.219031490e-01
1.060189773e+01 1.213101432e-01
1.064968435e+01 1.206936726e-01
1.069768636e+01 1.200512239e-01
1.074590472e+01 1.193805659e-01
1.079434043e+01 1.186797587e-01
1.084299446e+01 1.179471910e-01
1.089186778e+01 1.171815836e-01
1.094096140e+01 1.163820214e-01
1.099027629e+01 1.155479517e-01
1.103981347e+01 1.146792093e-01
1.108957393e+01 1.137760081e-01
1.113955868e+01 1.128389587e-01
1.118976873e+01 1.118690529e-01
1.124020510e+01 1.108676736e-01
1.129086879e+01 1.098365709e-01
1.134176085e+01 1.087778642e-01
1.139288230e+01 1.076940100e-01
1.144423417e+01 1.065877961e-01
1.149581750e+01 1.054623016e-01
1.154763334e+01 1.043208832e-01
1.159968273e+01 1.031671280e-01
1.165196672e+01 1.020048330e-01
1.170448638e+01 1.008379513e-01
1.175724277e+01 9.967056638e-02
1.181023694e+01 9.850683285e-02
1.186346998e+01 9.735094654e-02
1.191694296e+01 9.620708243e-02
1.197065696e+01 9.507936185e-02
1.202461308e+01 9.397178955e-02
1.207881239e+01 9.288822040e-02
1.213325599e+01 9.183229750e-02
1.218794500e+01 9.080742108e-02
1.224288051e+01 8.981668980e-02
1.229806363e+01 8.886287415e-02
1.235349548e+01 8.794836357e-02
1.240917718e+01 8.707514659e-02
1.246510987e+01 8.624476606e-02
1.252129466e+01 8.545830832e-02
1.257773269e+01 8.471636850e-02
1.263442512e+01 8.401905073e-02
1.269137307e+01 8.336594522e-02
1.274857771e+01 8.275614085e-02
1.280604020e+01 8.218821538e-02
1.286376168e+01 8.166026131e-02
1.292174334e+01 8.116988970e-02
1.297998635e+01 8.071426967e-02
1.303849187e+01 8.029014566e-02
1.309726111e+01 7.989388997e-02
1.315629523e+01 7.952153268e-02
1.321559545e+01 7.916882585e-02
1.327516295e+01 7.883128432e-02
1.333499895e+01 7.850425958e-02
1.339510464e+01 7.818298883e-02
1.345548126e+01 7.786267565e-02
1.351613001e+01 7.753854422e-02
1.357705214e+01 7.720592314e-02
1.363824886e+01 7.686030101e-02
1.369972141e+01 7.649740944e-02
1.376147105e+01 7.611327572e-02
1.382349901e+01 7.570430079e-02
1.388580655e+01 7.526730461e-02
1.394839494e+01 7.479959464e-02
1.401126544e+01 7.429899977e-02
1.407441931e+01 7.376392521e-02
1.413785785e+01 7.319337105e-02
1.420158232e+01 7.258697008e-02
1.426559403e+01 7.194498784e-02
1.432989426e+01 7.126834062e-02
1.439448431e+01 7.055857494e-02
1.445936549e+01 6.981786420e-02
1.452453912e+01 6.904896656e-02
1.459000651e+01 6.825520014e-02
1.465576898e+01 6.744037994e-02
1.472182787e+01 6.660877284e-02
1.478818451e+01 6.576501563e-02
1.485484025e+01 6.491405271e-02
1.492179642e+01 6.406103901e-02
1.498905440e+01 6.321126480e-02
1.505661552e+01 6.237004843e-02
1.512448117e+01 6.154265410e-02
1.519265272e+01 6.073418083e-02
1.526113154e+01 5.994947977e-02
1.532991902e+01 5.919304661e-02
1.539901655e+01 5.846894583e-02
1.546842552e+01 5.778071390e-02
1.553814735e+01 5.713129792e-02
1.560818344e+01 5.652297687e-02
1.567853521e+01 5.595732152e-02
1.574920408e+01 5.543514003e-02
1.582019148e+01 5.495646485e-02
1.589149885e+01 5.452052762e-02
1.596312762e+01 5.412577695e-02
1.603507925e+01 5.376988544e-02
1.610735519e+01 5.344980004e-02
1.617995691e+01 5.316178148e-02
1.625288587e+01 5.290148619e-02
1.632614355e+01 5.266403579e-02
1.639973142e+01 5.244412655e-02
1.647365099e+01 5.223612365e-02
1.654790373e+01 5.203419166e-02
1.662249116e+01 5.183240548e-02
1.669741478e+01 5.162489268e-02
1.677267611e+01 5.140595104e-02
1.684827667e+01 5.117019174e-02
1.692421799e+01 5.091265188e-02
1.700050161e+01 5.062892650e-02
1.707712906e+01 5.031526398e-02
1.715410190e+01 4.996867498e-02
1.723142169e+01 4.958699929e-02
1.730908998e+01 4.916898092e-02
1.738710836e+01 4.871429680e-02
1.746547839e+01 4.822358989e-02
1.754420166e+01 4.769845302e-02
1.762327977e+01 4.714141536e-02
1.770271431e+01 4.655587883e-02
1.778250689e+01 4.594605761e-02
1.786265913e+01 4.531686924e-02
1.794317264e+01 4.467383165e-02
1.802404905e+01 4.402291612e-02
1.810529001e+01 4.337041121e-02
1.818689715e+01 4.272274926e-02
1.826887212e+01 4.208635117e-02
1.835121658e+01 4.146744190e-02
1.843393219e+01 4.087189310e-02
1.851702064e+01 4.030504592e-02
1.860048360e+01 3.977157014e-02
1.868432275e+01 3.927531293e-02
1.876853980e+01 3.881919305e-02
1.885313645e+01 3.840509295e-02
1.893811440e+01 3.803380378e-02
1.902347538e+01 3.770497472e-02
1.910922111e+01 3.741711999e-02
1.919535333e+01 3.716763351e-02
1.928187378e+01 3.695286258e-02
1.936878421e+01 3.676818881e-02
1.945608638e+01 3.660816545e-02
1.954378205e+01 3.646665738e-02
1.963187299e+01 3.633703081e-02
1.972036099e+01 3.621233730e-02
1.980924784e+01 3.608553699e-02
1.989853534e+01 3.594970457e-02
1.998822529e+01 3.579826146e-02
2.007831950e+01 3.562517698e-02
2.016881980e+01 3.542518158e-02
2.025972801e+01 3.519393496e-02
2.035104599e+01 3.492819263e-02
2.044277557e+01 3.462591480e-02
2.053491860e+01 3.428636250e-02
2.062747696e+01 3.391012703e-02
2.072045251e+01 3.349913977e-02
2.081384714e+01 3.305661112e-02
2.090766273e+01 3.258694886e-02
2.100190118e+01 3.209560769e-02
2.109656440e+01 3.158892349e-02
2.119165430e+01 3.107388750e-02
2.128717280e+01 3.055791667e-02
2.138312185e+01 3.004857869e-02
2.147950337e+01 2.955332999e-02
2.157631931e+01 2.907922714e-02
2.167357164e+01 2.863267144e-02
2.177126232e+01 2.821914754e-02
2.186939333e+01 2.784301564e-02
2.196796666e+01 2.750731728e-02
2.206698428e+01 2.721365229e-02
2.216644822e+01 2.696208445e-02
2.226636048e+01 2.675112991e-02
2.236672307e+01 2.657778218e-02
2.246753804e+01 2.643762305e-02
2.256880742e+01 2.632496851e-02
2.267053325e+01 2.623309395e-02
2.277271761e+01 2.615448272e-02
2.287536254e+01 2.608113760e-02
2.297847013e+01 2.600489502e-02
2.308204247e+01 2.591777768e-02
2.318608164e+01 2.581232300e-02
2.329058975e+01 2.568192105e-02
2.339556893e+01 2.552109906e-02
2.350102128e+01 2.532578668e-02
2.360694894e+01 2.509350138e-02
2.371335406e+01 2.482349133e-02
2.382023878e+01 2.451677977e-02
2.392760528e+01 2.417615399e-02
2.403545571e+01 2.380604934e-02
2.414379226e+01 2.341237866e-02
2.425261713e+01 2.300226510e-02
2.436193251e+01 2.258373587e-02
2.447174061e+01 2.216534260e-02
2.458204366e+01 2.175577161e-02
2.469284389e+01 2.136341542e-02
2.480414353e+01 2.099597226e-02
2.491594484e+01 2.066004730e-02
2.502825008e+01 2.036082248e-02
2.514106152e+01 2.010176653e-02
2.525438144e+01 1.988444844e-02
2.536821213e+01 1.970841987e-02
2.548255591e+01 1.957122203e-02
2.559741507e+01 1.946847345e-02
2.571279194e+01 1.939408368e-02
2.582868886e+01 1.934053853e-02
2.594510817e+01 1.929929095e-02
2.606205222e+01 1.926119289e-02
2.617952339e+01 1.921699263e-02
2.629752403e+01 1.915782591e-02
2.641605655e+01 1.907571983e-02
2.653512334e+01 1.896403544e-02
2.665472681e+01 1.881786845e-02
2.677486937e+01 1.863433760e-02
2.689555346e+01 1.841278702e-02
2.701678152e+01 1.815484154e-02
2.713855599e+01 1.786435382e-02
2.726087935e+01 1.754719614e-02
2.738375406e+01 1.721095111e-02
2.750718262e+01 1.686446997e-02
2.763116751e+01 1.651736752e-02
2.775571125e+01 1.617943620e-02
2.788081635e+01 1.586005900e-02
2.800648534e+01 1.556761166e-02
2.813272077e+01 1.530893722e-02
2.825952519e+01 1.508888257e-02
2.838690117e+01 1.490997443e-02
2.851485127e+01 1.477221431e-02
2.864337809e+01 1.467305508e-02
2.877248423e+01 1.460752103e-02
2.890217230e+01 1.456851343e-02
2.903244491e+01 1.454724160e-02
2.916330472e+01 1.453379997e-02
2.929475436e+01 1.451781093e-02
2.942679648e+01 1.448913716e-02
2.955943378e+01 1.443857067e-02
2.969266891e+01 1.435849534e-02
2.982650458e+01 1.424342999e-02
2.996094351e+01 1.409045499e-02
3.009598839e+01 1.389944282e-02
3.023164197e+01 1.367311497e-02
3.036790700e+01 1.341687036e-02
3.050478621e+01 1.313843576e-02
3.064228240e+01 1.284731355e-02
3.078039833e+01 1.255410670e-02
3.091913679e+01 1.226972328e-02
3.105850060e+01 1.200456223e-02
3.119849258e+01 1.176769761e-02
3.133911555e+01 1.156616943e-02
3.148037236e+01 1.140439528e-02
3.162226586e+01 1.128379774e-02
3.176479894e+01 1.120263956e-02
3.190797445e+01 1.115613085e-02
3.205179532e+01 1.113676386e-02
3.219626443e+01 1.113489944e-02
3.234138473e+01 1.113952028e-02
3.248715913e+01 1.113913781e-02
3.263359059e+01 1.112273689e-02
3.278068207e+01 1.108072370e-02
3.292843654e+01 1.100575134e-02
3.307685700e+01 1.089339238e-02
3.322594644e+01 1.074255045e-02
3.337570789e+01 1.055561075e-02
3.352614436e+01 1.033826379e-02
3.367725890e+01 1.009905167e-02
3.382905458e+01 9.848625434e-03
3.398153445e+01 9.598815822e-03
3.413470160e+01 9.361552982e-03
3.428855914e+01 9.147774884e-03
3.444311016e+01 8.966381926e-03
3.459835780e+01 8.823382112e-03
3.475430521e+01 8.721270292e-03
3.491095552e+01 8.658752358e-03
3.506831191e+01 8.630808281e-03
3.522637757e+01 8.629142216e-03
3.538515568e+01 8.642943696e-03
3.554464947e+01 8.659937662e-03
3.570486215e+01 8.667583129e-03
3.586579697e+01 8.654347272e-03
3.602745718e+01 8.610883405e-03
3.618984605e+01 8.531031699e-03
3.635296687e+01 8.412489358e-03
3.651682294e+01 8.257112865e-03
3.668141756e+01 8.070765301e-03
3.684675407e+01 7.862753997e-03
3.701283581e+01 7.644863134e-03
3.717966614e+01 7.430117055e-03
3.734724844e+01 7.231358468e-03
3.751558609e+01 7.059836493e-03
3.768468251e+01 6.923919638e-03
3.785454110e+01 6.828125899e-03
3.802516530e+01 6.772547326e-03
3.819655857e+01 6.752790592e-03
3.836872438e+01 6.760413645e-03
3.854166619e+01 6.783865997e-03
3.871538752e+01 6.809794586e-03
3.888989188e+01 6.824614294e-03
3.906518278e+01 6.816119884e-03
3.924126379e+01 6.774988375e-03
3.941813846e+01 6.695941856e-03
3.959581037e+01 6.578459597e-03
3.977428311e+01 6.426893878e-03
3.995356029e+01 6.249999016e-03
4.013364554e+01 6.059872176e-03
4.031454250e+01 5.870465397e-03
4.049625483e+01 5.695804569e-03
4.067878620e+01 5.548180482e-03
4.086214031e+01 5.436505717e-03
4.104632086e+01 5.365102694e-03
4.123133158e+01 5.333055735e-03
4.141717621e+01 5.334274698e-03
4.160385851e+01 5.358241206e-03
4.179138225e+01 5.391399187e-03
4.197975123e+01 5.418974809e-03
4.216896926e+01 5.427027858e-03
4.235904017e+01 5.404410202e-03
4.254996779e+01 5.344392727e-03
4.274175600e+01 5.245674534e-03
4.293440866e+01 5.112651569e-03
4.312792968e+01 4.954839861e-03
4.332232297e+01 4.785554244e-03
4.351759246e+01 4.619973160e-03
4.371374210e+01 4.472902675e-03
4.391077586e+01 4.356526167e-03
4.410869772e+01 4.278524766e-03
4.430751169e+01 4.240827145e-03
4.450722178e+01 4.239244753e-03
4.470783204e+01 4.264035016e-03
4.490934652e+01 4.301374793e-03
4.511176931e+01 4.335495231e-03
4.531510448e+01 4.351197562e-03
4.551935617e+01 4.336311065e-03
4.572452848e+01 4.283731185e-03
4.593062559e+01 4.192645730e-03
4.613765165e+01 4.068761663e-03
4.634561085e+01 3.923420942e-03
4.655450740e+01 3.771763028e-03
4.676434552e+01 3.630176465e-03
4.697512946e+01 3.513499922e-03
4.718686348e+01 3.432409989e-03
4.739955186e+01 3.391503170e-03
4.761319891e+01 3.388391399e-03
4.782780894e+01 3.414046759e-03
4.804338630e+01 3.454329929e-03
4.825993534e+01 3.492502935e-03
4.847746045e+01 3.512253242e-03
4.869596602e+01 3.500726638e-03
4.891545648e+01 3.450959985e-03
4.913593626e+01 3.363278394e-03
4.935740982e+01 3.245316632e-03
4.957988164e+01 3.110659878e-03
4.980335623e+01 2.976282296e-03
5.002783810e+01 2.859288546e-03
5.025333179e+01 2.773537170e-03
5.047984186e+01 2.726855635e-03
5.070737289e+01 2.719382455e-03
5.093592949e+01 2.743448865e-03
5.116551628e+01 2.785030030e-03
5.139613790e+01 2.826557495e-03
5.162779901e+01 2.850508345e-03
5.186050431e+01 2.843084446e-03
5.209425849e+01 2.797164177e-03
5.232906629e+01 2.713915938e-03
5.256493246e+01 2.602642640e-03
5.280186175e+01 2.478878040e-03
5.303985898e+01 2.361056235e-03
5.327892894e+01 2.266488365e-03
5.351907648e+01 2.207480717e-03
5.376030645e+01 2.188514138e-03
5.400262374e+01 2.205115925e-03
5.424603323e+01 2.244776925e-03
5.449053986e+01 2.289723064e-03
5.473614858e+01 2.320994579e-03
5.498286434e+01 2.322871929e-03
5.523069213e+01 2.286651103e-03
5.547963698e+01 2.212802604e-03
5.572970391e+01 2.110984939e-03
5.598089799e+01 1.997801191e-03
5.623322429e+01 1.892822413e-03
5.648668791e+01 1.813768242e-03
5.674129399e+01 1.772066281e-03
5.699704767e+01 1.769880123e-03
5.725395413e+01 1.799449944e-03
5.751201855e+01 1.844943987e-03
5.777124617e+01 1.886460646e-03
5.803164222e+01 1.905159371e-03
5.829321197e+01 1.888244379e-03
5.855596071e+01 1.832429146e-03
5.881989375e+01 1.744947515e-03
5.908501644e+01 1.641720330e-03
5.935133413e+01 1.543132970e-03
5.961885221e+01 1.468471587e-03
5.988757609e+01 1.430565128e-03
6.015751121e+01 1.432099273e-03
6.042866303e+01 1.464738281e-03
6.070103703e+01 1.511348960e-03
6.097463871e+01 1.550824003e-03
6.124947362e+01 1.564141534e-03
6.152554731e+01 1.539966145e-03
6.180286536e+01 1.478080266e-03
6.208143338e+01 1.389598965e-03
6.236125702e+01 1.293763012e-03
6.264234192e+01 1.212220743e-03
6.292469377e+01 1.162429484e-03
6.320831829e+01 1.152228757e-03
6.349322120e+01 1.177268590e-03
6.377940828e+01 1.222230160e-03
6.406688530e+01 1.265525165e-03
6.435565809e+01 1.286120104e-03
6.464573248e+01 1.270307105e-03
6.493711435e+01 1.216259633e-03
6.522980958e+01 1.134768257e-03
6.552382409e+01 1.045839234e-03
6.581916383e+01 9.721235186e-04
6.611583478e+01 9.313358590e-04
6.641384293e+01 9.301668538e-04
6.671319431e+01 9.618625709e-04
6.701389498e+01 1.008377453e-03
6.731595101e+01 1.046530709e-03
6.761936852e+01 1.056078906e-03
6.792415365e+01 1.026940054e-03
6.823031255e+01 9.629143927e-04
6.853785142e+01 8.804948057e-04
6.884677648e+01 8.030088731e-04
6.915709398e+01 7.521472612e-04
6.946881019e+01 7.398970966e-04
6.978193143e+01 7.639520291e-04
7.009646401e+01 8.083924766e-04
7.041241431e+01 8.495789975e-04
7.072978870e+01 8.651110328e-04
7.104859363e+01 8.425175824e-04
7.136883552e+01 7.842346737e-04
7.169052086e+01 7.068399004e-04
7.201365615e+01 6.346324047e-04
7.233824793e+01 5.900049824e-04
7.266430276e+01 5.843616897e-04
7.299182724e+01 6.133449206e-04
7.332082799e+01 6.584217092e-04
7.365131167e+01 6.944049102e-04
7.398328496e+01 6.998955042e-04
7.431675458e+01 6.663677434e-04
7.465172726e+01 6.019437414e-04
7.498820979e+01 5.281204413e-04
7.532620896e+01 4.706132938e-04
7.566573162e+01 4.481864423e-04
7.600678464e+01 4.642906980e-04
7.634937490e+01 5.053552617e-04
7.669350935e+01 5.466544034e-04
7.703919493e+01 5.633641013e-04
7.738643864e+01 5.418734376e-04
7.773524751e+01 4.861951540e-04
7.808562858e+01 4.163092885e-04
7.843758896e+01 3.590198528e-04
7.879113574e+01 3.353774963e-04
7.914627609e+01 3.506031683e-04
7.950301718e+01 3.913855271e-04
7.986136624e+01 4.321249208e-04
8.022133051e+01 4.472917511e-04
8.058291727e+01 4.240300125e-04
8.094613383e+01 3.686997106e-04
8.131098754e+01 3.039412277e-04
8.167748578e+01 2.574230291e-04
8.204563596e+01 2.478148885e-04
8.241544552e+01 2.750813306e-04
8.278692196e+01 3.203069944e-04
8.316007277e+01 3.553813399e-04
8.353490551e+01 3.577619907e-04
8.391142776e+01 3.225560054e-04
8.428964713e+01 2.653936165e-04
8.466957127e+01 2.142220599e-04
8.505120787e+01 1.942246579e-04
8.543456464e+01 2.139328501e-04
8.581964934e+01 2.603325030e-04
8.620646976e+01 3.059264294e-04
8.659503372e+01 3.241525639e-04
8.698534908e+01 3.045606571e-04
8.737742374e+01 2.590535311e-04
8.777126561e+01 2.152649430e-04
8.816688268e+01 2.006195446e-04
8.856428293e+01 2.261656839e-04
8.896347442e+01 2.798428819e-04
8.936446520e+01 3.334530005e-04
8.976726340e+01 3.595565234e-04
9.017187715e+01 3.482169407e-04
9.057831465e+01 3.133218226e-04
9.098658411e+01 2.842062523e-04
9.139669378e+01 2.874464125e-04
9.180865197e+01 3.299945100e-04
9.222246701e+01 3.944845578e-04
9.263814726e+01 4.500292699e-04
9.305570113e+01 4.720042364e-04
9.347513708e+01 4.581026913e-04
9.389646357e+01 4.300202835e-04
9.431968913e+01 4.191923359e-04
9.474482233e+01 4.457345772e-04
9.517187175e+01 5.045829701e-04
9.560084604e+01 5.685354932e-04
9.603175388e+01 6.065425217e-04
9.646460398e+01 6.050500663e-04
9.689940508e+01 5.775158084e-04
9.733616600e+01 5.551018472e-04
9.777489555e+01 5.645813552e-04
9.821560262e+01 6.089868109e-04
9.865829612e+01 6.650245698e-04
9.910298500e+01 6.996656445e-04
9.954967825e+01 6.942099633e-04
9.999838491e+01 6.582414561e-04
1.004491141e+02 6.227069054e-04
1.009018748e+02 6.167972129e-04
1.013566763e+02 6.457053480e-04
1.018135278e+02 6.863872872e-04
1.022724384e+02 7.050603856e-04
1.027334176e+02 6.834538622e-04
1.031964745e+02 6.333693328e-04
1.036616186e+02 5.877283002e-04
1.041288593e+02 5.745558628e-04
1.045982060e+02 5.944426559e-04
1.050696682e+02 6.198504895e-04
1.055432554e+02 6.174856958e-04
1.060189773e+02 5.758399717e-04
1.064968435e+02 5.151387810e-04
1.069768636e+02 4.707993183e-04
1.074590472e+02 4.637282110e-04
1.079434043e+02 4.824193635e-04
1.084299446e+02 4.926469895e-04
1.089186778e+02 4.670441396e-04
1.094096140e+02 4.092585819e-04
1.099027629e+02 3.511557544e-04
1.103981347e+02 3.248694103e-04
1.108957393e+02 3.340510641e-04
1.113955868e+02 3.503697181e-04
1.118976873e+02 3.390947758e-04
1.124020510e+02 2.910649244e-04
1.129086879e+02 2.315068335e-04
1.134176085e+02 1.968767469e-04
1.139288230e+02 2.006474263e-04
1.144423417e+02 2.203241695e-04
1.149581750e+02 2.186599957e-04
1.154763334e+02 1.795390880e-04
1.159968273e+02 1.239048552e-04
1.165196672e+02 8.959949598e-05
1.170448638e+02 9.406419335e-05
1.175724277e+02 1.167414103e-04
1.181023694e+02 1.193715919e-04
1.186346998e+02 8.464766296e-05
1.191694296e+02 3.411035314e-05
1.197065696e+02 6.324392534e-06
1.202461308e+02 1.692630489e-05
1.207881239e+02 4.200599687e-05
1.213325599e+02 4.295219689e-05
1.218794500e+02 7.434892793e-06
1.224288051e+02 -3.712722187e-05
1.229806363e+02 -5.286775116e-05
1.235349548e+02 -3.272991124e-05
1.240917718e+02 -8.535194684e-06
1.246510987e+02 -1.609907088e-05
1.252129466e+02 -5.523233884e-05
1.257773269e+02 -8.964183647e-05
1.263442512e+02 -8.782428329e-05
1.269137307e+02 -5.922336395e-05
1.274857771e+02 -4.372027729e-05
1.280604020e+02 -6.554293383e-05
1.286376168e+02 -1.047035389e-04
1.292174334e+02 -1.202513926e-04
1.297998635e+02 -9.889044593e-05
1.303849187e+02 -7.124185679e-05
1.309726111e+02 -7.517276850e-05
1.315629523e+02 -1.096746080e-04
1.321559545e+02 -1.357537006e-04
1.327516295e+02 -1.244751767e-04
1.333499895e+02 -9.322656552e-05
1.339510464e+02 -8.426400693e-05
1.345548126e+02 -1.112839069e-04
1.351613001e+02 -1.416732519e-04
1.357705214e+02 -1.381733944e-04
1.363824886e+02 -1.073138236e-04
1.369972141e+02 -9.124571157e-05
1.376147105e+02 -1.124188104e-04
1.382349901e+02 -1.435314392e-04
1.388580655e+02 -1.437543015e-04
1.394839494e+02 -1.138127299e-04
1.401126544e+02 -9.538047381e-05
1.407441932e+02 -1.141986829e-04
1.413785785e+02 -1.443424954e-04
1.420158232e+02 -1.439348646e-04
1.426559403e+02 -1.138911965e-04
1.432989426e+02 -9.696839079e-05
1.439448431e+02 -1.171012462e-04
1.445936550e+02 -1.448107967e-04
1.452453912e+02 -1.395197788e-04
1.459000651e+02 -1.087241347e-04
1.465576898e+02 -9.736866440e-05
1.472182787e+02 -1.214754872e-04
1.478818451e+02 -1.439923733e-04
1.485484025e+02 -1.301717678e-04
1.492179642e+02 -1.003458615e-04
1.498905440e+02 -9.925596948e-05
1.505661552e+02 -1.273257810e-04
1.512448118e+02 -1.396554274e-04
1.519265272e+02 -1.159364107e-04
1.526113154e+02 -9.263343623e-05
1.532991902e+02 -1.055143653e-04
1.539901655e+02 -1.323950710e-04
1.546842553e+02 -1.284925219e-04
1.553814735e+02 -9.898297644e-05
1.560818344e+02 -9.090479333e-05
1.567853521e+02 -1.158828431e-04
1.574920408e+02 -1.305822435e-04
1.582019148e+02 -1.088288880e-04
1.589149885e+02 -8.587783098e-05
1.596312762e+02 -9.894189355e-05
1.603507925e+02 -1.235503612e-04
1.610735519e+02 -1.153061556e-04
1.617995691e+02 -8.687681093e-05
1.625288587e+02 -8.620263736e-05
1.632614355e+02 -1.122675724e-04
1.639973142e+02 -1.165748156e-04
1.647365099e+02 -8.958917498e-05
1.654790373e+02 -7.814652550e-05
1.662249116e+02 -1.008440766e-04
1.669741478e+02 -1.138597591e-04
1.677267611e+02 -9.126465748e-05
1.684827668e+02 -7.319518154e-05
1.692421800e+02 -9.130198267e-05
1.700050161e+02 -1.091425041e-04
1.707712906e+02 -9.085560731e-05
1.715410190e+02 -6.958571732e-05
1.723142169e+02 -8.418879166e-05
1.730908998e+02 -1.040321968e-04
1.738710836e+02 -8.835372358e-05
1.746547839e+02 -6.622221280e-05
1.754420166e+02 -7.944638080e-05
1.762327977e+02 -9.936412135e-05
1.770271431e+02 -8.397218894e-05
1.778250689e+02 -6.265908715e-05
1.786265913e+02 -7.680542506e-05
1.794317264e+02 -9.507324278e-05
1.802404905e+02 -7.769575173e-05
1.810529001e+02 -5.899154442e-05
1.818689715e+02 -7.596429196e-05
1.826887212e+02 -9.038685875e-05
1.835121658e+02 -6.952988618e-05
1.843393219e+02 -5.603120241e-05
1.851702064e+02 -7.660285046e-05
1.860048360e+02 -8.414928304e-05
1.868432275e+02 -6.009822368e-05
1.876853980e+02 -5.523363424e-05
1.885313645e+02 -7.783981818e-05
1.893811440e+02 -7.510826838e-05
1.902347538e+02 -5.113362359e-05
1.910922111e+02 -5.786992297e-05
1.919535333e+02 -7.747452474e-05
1.928187378e+02 -6.280352408e-05
1.936878421e+02 -4.570728058e-05
1.945608638e+02 -6.356716443e-05
1.954378205e+02 -7.228178098e-05
1.963187299e+02 -4.940872502e-05
1.972036099e+02 -4.720902621e-05
1.980924784e+02 -6.870449306e-05
1.989853534e+02 -6.035612726e-05
1.998822529e+02 -4.071901940e-05
2.007831950e+02 -5.569240541e-05
2.016881980e+02 -6.669101843e-05
2.025972801e+02 -4.512507433e-05
2.035104599e+02 -4.295355704e-05
2.044277557e+02 -6.377601302e-05
2.053491860e+02 -5.372575321e-05
2.062747696e+02 -3.689664495e-05
2.072045251e+02 -5.443510683e-05
2.081384714e+02 -5.978378630e-05
2.090766273e+02 -3.787822541e-05
2.100190118e+02 -4.404424249e-05
2.109656440e+02 -6.048191104e-05
2.119165430e+02 -4.270405555e-05
2.128717281e+02 -3.633221233e-05
2.138312185e+02 -5.659716800e-05
2.147950337e+02 -4.781028520e-05
2.157631931e+02 -3.230538372e-05
2.167357164e+02 -5.031160389e-05
2.177126232e+02 -5.109420574e-05
2.186939333e+02 -3.108662042e-05
2.196796666e+02 -4.365779839e-05
2.206698428e+02 -5.204150449e-05
2.216644822e+02 -3.131851229e-05
2.226636048e+02 -3.782796561e-05
2.236672307e+02 -5.119299070e-05
2.246753804e+02 -3.184966283e-05
2.256880742e+02 -3.327165833e-05
2.267053326e+02 -4.931967808e-05
2.277271761e+02 -3.198889311e-05
2.287536254e+02 -2.987914507e-05
2.297847013e+02 -4.708962924e-05
2.308204247e+02 -3.135422449e-05
2.318608164e+02 -2.744337378e-05
2.329058975e+02 -4.489683704e-05
2.339556893e+02 -2.990185778e-05
2.350102128e+02 -2.581890945e-05
2.360694894e+02 -4.298985956e-05
2.371335406e+02 -2.769461846e-05
2.382023878e+02 -2.506959517e-05
2.392760528e+02 -4.129818392e-05
2.403545571e+02 -2.489471648e-05
2.414379226e+02 -2.524903973e-05
2.425261713e+02 -3.950435388e-05
2.436193251e+02 -2.165783241e-05
2.447174061e+02 -2.644630139e-05
2.458204366e+02 -3.698342092e-05
2.469284389e+02 -1.846065118e-05
2.480414353e+02 -2.853053497e-05
2.491594484e+02 -3.315406345e-05
2.502825008e+02 -1.610227077e-05
2.514106152e+02 -3.105192537e-05
2.525438144e+02 -2.763551346e-05
2.536821213e+02 -1.574839180e-05
2.548255591e+02 -3.277540503e-05
2.559741507e+02 -2.092873740e-05
2.571279194e+02 -1.820543131e-05
2.582868886e+02 -3.197448467e-05
2.594510817e+02 -1.474888001e-05
2.606205222e+02 -2.314947657e-05
2.617952339e+02 -2.715997714e-05
2.629752403e+02 -1.204115873e-05
2.641605655e+02 -2.794153182e-05
2.653512334e+02 -1.904353831e-05
2.665472681e+02 -1.491754246e-05
2.677486937e+02 -2.838277492e-05
2.689555346e+02 -1.160461142e-05
2.701678152e+02 -2.190887138e-05
2.713855599e+02 -2.183842627e-05
2.726087935e+02 -1.069172029e-05
2.738375406e+02 -2.643452848e-05
2.750718262e+02 -1.216857886e-05
2.763116751e+02 -1.759052597e-05
2.775571125e+02 -2.200610143e-05
2.788081635e+02 -8.685940596e-06
2.800648534e+02 -2.434312918e-05
2.813272077e+02 -1.133725213e-05
2.825952519e+02 -1.589075700e-05
2.838690117e+02 -2.013759640e-05
2.851485127e+02 -7.733260306e-06
2.864337809e+02 -2.289178022e-05
2.877248423e+02 -8.847815098e-06
2.890217230e+02 -1.642759019e-05
2.903244491e+02 -1.634203652e-05
2.916330472e+02 -8.079716004e-06
2.929475436e+02 -2.122504453e-05
2.942679649e+02 -5.745346598e-06
2.955943378e+02 -1.870645427e-05
2.969266891e+02 -1.028042489e-05
2.982650459e+02 -1.149303788e-05
2.996094351e+02 -1.657694014e-05
3.009598839e+02 -5.542680995e-06
3.023164197e+02 -1.928165131e-05
3.036790700e+02 -4.586743342e-06
3.050478622e+02 -1.679201384e-05
3.064228240e+02 -8.162592439e-06
3.078039833e+02 -1.119341463e-05
3.091913679e+02 -1.320381198e-05
3.105850061e+02 -5.815445036e-06
3.119849258e+02 -1.667155194e-05
3.133911555e+02 -2.974226447e-06
3.148037236e+02 -1.715023621e-05
3.162226587e+02 -3.166085536e-06
3.176479894e+02 -1.494135174e-05
3.190797446e+02 -5.511348816e-06
3.205179532e+02 -1.128294020e-05
3.219626444e+02 -8.645190952e-06
3.234138473e+02 -7.486266813e-06
3.248715913e+02 -1.142167112e-05
3.263359059e+02 -4.431140097e-06
3.278068207e+02 -1.321904135e-05
3.292843654e+02 -2.467868496e-06
3.307685700e+02 -1.392062312e-05
3.322594644e+02 -1.553393316e-06
3.337570789e+02 -1.372747645e-05
3.352614436e+02 -1.434776434e-06
3.367725890e+02 -1.294814468e-05
3.382905458e+02 -1.796368855e-06
3.398153445e+02 -1.186404772e-05
3.413470160e+02 -2.362102380e-06
3.428855914e+02 -1.068597029e-05
3.444311016e+02 -2.947196670e-06
3.459835781e+02 -9.554479848e-06
3.475430521e+02 -3.456022619e-06
3.491095552e+02 -8.546771569e-06
3.506831191e+02 -3.850910005e-06
3.522637757e+02 -7.687347832e-06
3.538515568e+02 -4.123041726e-06
3.554464947e+02 -6.965142752e-06
3.570486215e+02 -4.276583920e-06
3.586579697e+02 -6.353585553e-06
3.602745718e+02 -4.325955849e-06
3.618984605e+02 -5.830577017e-06
3.635296687e+02 -4.298623675e-06
3.651682294e+02 -5.386887918e-06
3.668141756e+02 -4.226038959e-06
3.684675407e+02 -5.013570833e-06
3.701283581e+02 -4.124647113e-06
3.717966614e+02 -4.689974486e-06
3.734724844e+02 -3.995676269e-06
3.751558610e+02 -4.396298783e-06
3.768468251e+02 -3.844976736e-06
3.785454110e+02 -4.128613396e-06
3.802516530e+02 -3.687280240e-06
3.819655857e+02 -3.888721535e-06
3.836872438e+02 -3.530066150e-06
3.854166619e+02 -3.668937615e-06
3.871538752e+02 -3.368315686e-06
3.888989188e+02 -3.456307389e-06
3.906518278e+02 -3.196349585e-06
3.924126379e+02 -3.245050835e-06
3.941813846e+02 -3.017681532e-06
3.959581037e+02 -3.040332648e-06
3.977428311e+02 -2.843095117e-06
3.995356029e+02 -2.850497911e-06
4.013364554e+02 -2.679653005e-06
4.031454250e+02 -2.675501373e-06
4.049625483e+02 -2.522963172e-06
4.067878620e+02 -2.505822965e-06
4.086214031e+02 -2.364185241e-06
4.104632086e+02 -2.335441322e-06
4.123133158e+02 -2.204607078e-06
4.141717621e+02 -2.171609343e-06
4.160385851e+02 -2.055384289e-06
4.179138225e+02 -2.022913304e-06
4.197975124e+02 -1.918514148e-06
4.216896927e+02 -1.882339806e-06
4.235904017e+02 -1.781412977e-06
4.254996779e+02 -1.736989968e-06
4.274175600e+02 -1.637239715e-06
4.293440866e+02 -1.588498917e-06
4.312792968e+02 -1.495047791e-06
4.332232297e+02 -1.448261712e-06
4.351759246e+02 -1.363572818e-06
4.371374210e+02 -1.319024313e-06
4.391077586e+02 -1.240181350e-06
4.410869772e+02 -1.195353709e-06
4.430751169e+02 -1.119744476e-06
4.450722178e+02 -1.073699729e-06
4.470783204e+02 -1.000567090e-06
4.490934653e+02 -9.541782002e-07
4.511176931e+02 -8.852556565e-07
4.531510448e+02 -8.417517185e-07
4.551935617e+02 -7.791271395e-07
4.572452849e+02 -7.381743816e-07
4.593062559e+02 -6.776078374e-07
4.613765165e+02 -6.336871788e-07
4.634561085e+02 -5.713221293e-07
4.655450740e+02 -5.255326874e-07
4.676434553e+02 -4.665214487e-07
4.697512946e+02 -4.253381585e-07
4.718686348e+02 -3.732010866e-07
4.739955187e+02 -3.357976084e-07
4.761319891e+02 -2.860296379e-07
4.782780894e+02 -2.474427954e-07
4.804338630e+02 -1.969475967e-07
4.825993534e+02 -1.573069592e-07
4.847746045e+02 -1.084206100e-07
4.869596602e+02 -7.094332293e-08
4.891545648e+02 -2.614949473e-08
4.913593626e+02 7.852040580e-09
4.935740982e+02 4.888926807e-08
4.957988164e+02 8.135188902e-08
4.980335623e+02 1.221039697e-07
5.002783810e+02 1.566846732e-07
5.025333179e+02 1.993212802e-07
5.047984186e+02 2.352192295e-07
5.070737289e+02 2.763074314e-07
5.093592949e+02 3.089151013e-07
5.116551628e+02 3.448228442e-07
5.139613790e+02 3.730177300e-07
5.162779902e+02 4.060860473e-07
5.186050431e+02 4.350428812e-07
5.209425849e+02 4.710278336e-07
5.232906629e+02 5.036392187e-07
5.256493246e+02 5.406008620e-07
5.280186175e+02 5.711641870e-07
5.303985898e+02 6.034596507e-07
5.327892894e+02 6.298285475e-07
5.351907648e+02 6.596495317e-07
5.376030645e+02 6.862444895e-07
5.400262374e+02 7.174208440e-07
5.424603323e+02 7.457562859e-07
5.449053987e+02 7.776501903e-07
5.473614858e+02 8.059459391e-07
5.498286434e+02 8.366200760e-07
5.523069213e+02 8.631431624e-07
5.547963698e+02 8.913112026e-07
5.572970391e+02 9.156539122e-07
5.598089799e+02 9.424789698e-07
5.623322429e+02 9.673148778e-07
5.648668791e+02 9.956420726e-07
5.674129399e+02 1.021968496e-06
5.699704767e+02 1.050116970e-06
5.725395413e+02 1.074574519e-06
5.751201855e+02 1.099458101e-06
5.777124617e+02 1.120761492e-06
5.803164222e+02 1.143758029e-06
5.829321197e+02 1.165756137e-06
5.855596071e+02 1.191306517e-06
5.881989375e+02 1.215828357e-06
5.908501644e+02 1.241277369e-06
5.935133413e+02 1.262784283e-06
5.961885221e+02 1.283750567e-06
5.988757610e+02 1.301853901e-06
6.015751122e+02 1.321463450e-06
6.042866303e+02 1.340047865e-06
6.070103703e+02 1.360569527e-06
6.097463871e+02 1.379719868e-06
6.124947362e+02 1.400006367e-06
6.152554731e+02 1.418453831e-06
6.180286536e+02 1.437455947e-06
6.208143339e+02 1.454056377e-06
6.236125702e+02 1.470600972e-06
6.264234192e+02 1.485011889e-06
6.292469377e+02 1.500443869e-06
6.320831829e+02 1.515303822e-06
6.349322120e+02 1.531957567e-06
6.377940828e+02 1.547729374e-06
6.406688530e+02 1.563782120e-06
6.435565809e+02 1.577152267e-06
6.464573248e+02 1.589565984e-06
6.493711435e+02 1.599989960e-06
6.522980958e+02 1.611894555e-06
6.552382409e+02 1.624511784e-06
6.581916383e+02 1.639275118e-06
6.611583478e+02 1.653179384e-06
6.641384293e+02 1.666713534e-06
6.671319431e+02 1.677872031e-06
6.701389498e+02 1.688679091e-06
6.731595101e+02 1.698433407e-06
6.761936852e+02 1.709321490e-06
6.792415365e+02 1.720169218e-06
6.823031255e+02 1.732262126e-06
6.853785142e+02 1.743853047e-06
6.884677648e+02 1.755983084e-06
6.915709398e+02 1.767284191e-06
6.946881020e+02 1.778977293e-06
6.978193143e+02 1.789591384e-06
7.009646401e+02 1.800160729e-06
7.041241431e+02 1.809775174e-06
7.072978871e+02 1.820239356e-06
7.104859363e+02 1.831031294e-06
7.136883552e+02 1.843224154e-06
7.169052086e+02 1.854998450e-06
7.201365615e+02 1.866417165e-06
7.233824793e+02 1.876156359e-06
7.266430276e+02 1.885776892e-06
7.299182724e+02 1.895217088e-06
7.332082799e+02 1.905943804e-06
7.365131167e+02 1.917021666e-06
7.398328496e+02 1.928794549e-06
7.431675458e+02 1.939497887e-06
7.465172726e+02 1.949233459e-06
7.498820979e+02 1.957335415e-06
7.532620896e+02 1.965685327e-06
7.566573163e+02 1.974431196e-06
7.600678464e+02 1.984264676e-06
7.634937490e+02 1.993803822e-06
7.669350935e+02 2.003288308e-06
7.703919493e+02 2.011734528e-06
7.738643864e+02 2.019810754e-06
7.773524751e+02 2.027117381e-06
7.808562859e+02 2.034529940e-06
7.843758896e+02 2.041376496e-06
7.879113574e+02 2.048337419e-06
7.914627609e+02 2.054984028e-06
7.950301719e+02 2.062036962e-06
7.986136624e+02 2.068925714e-06
8.022133051e+02 2.076054119e-06
8.058291727e+02 2.082371059e-06
8.094613383e+02 2.087914634e-06
8.131098754e+02 2.092260838e-06
8.167748578e+02 2.096797817e-06
8.204563596e+02 2.101803410e-06
8.241544553e+02 2.107808847e-06
8.278692196e+02 2.113856073e-06
8.316007277e+02 2.119865779e-06
8.353490551e+02 2.124811532e-06
8.391142776e+02 2.128925164e-06
8.428964713e+02 2.132298086e-06
8.466957127e+02 2.136347966e-06
8.505120787e+02 2.141185210e-06
8.543456464e+02 2.146863848e-06
8.581964935e+02 2.152094386e-06
8.620646977e+02 2.156782963e-06
8.659503373e+02 2.160730340e-06
8.698534909e+02 2.164685521e-06
8.737742374e+02 2.168563500e-06
8.777126562e+02 2.172931305e-06
8.816688268e+02 2.177364173e-06
8.856428294e+02 2.182028210e-06
8.896347442e+02 2.186451979e-06
8.936446520e+02 2.190862947e-06
8.976726340e+02 2.194956603e-06
9.017187715e+02 2.199188131e-06
9.057831465e+02 2.203164773e-06
9.098658411e+02 2.206993580e-06
9.139669379e+02 2.210517090e-06
9.180865198e+02 2.214498627e-06
9.222246701e+02 2.218747920e-06
9.263814726e+02 2.223221581e-06
9.305570114e+02 2.227410975e-06
9.347513708e+02 2.231442219e-06
9.389646357e+02 2.234831446e-06
9.431968913e+02 2.237920988e-06
9.474482233e+02 2.241026419e-06
9.517187175e+02 2.244925021e-06
9.560084605e+02 2.249274385e-06
9.603175388e+02 2.253738168e-06
9.646460398e+02 2.257529490e-06
9.689940508e+02 2.260777159e-06
9.733616600e+02 2.263512373e-06
9.777489555e+02 2.266338997e-06
9.821560262e+02 2.269480612e-06
9.865829612e+02 2.273279773e-06
9.910298500e+02 2.277158283e-06
9.954967825e+02 2.280787740e-06
9.999838491e+02 2.283666674e-06
1.004491141e+03 2.286134822e-06
1.009018748e+03 2.288486827e-06
1.013566763e+03 2.291180166e-06
1.018135278e+03 2.293818914e-06
1.022724384e+03 2.296506325e-06
1.027334176e+03 2.299099265e-06
1.031964745e+03 2.301561540e-06
1.036616186e+03 2.303563846e-06
1.041288593e+03 2.305469447e-06
1.045982060e+03 2.307355254e-06
1.050696682e+03 2.309246210e-06
1.055432554e+03 2.310828745e-06
1.060189773e+03 2.312460301e-06
1.064968435e+03 2.314145589e-06
1.069768636e+03 2.315990919e-06
1.074590472e+03 2.317742989e-06
1.079434043e+03 2.319513206e-06
1.084299446e+03 2.321099814e-06
1.089186778e+03 2.322527056e-06
1.094096140e+03 2.323785680e-06
1.099027630e+03 2.325322252e-06
1.103981347e+03 2.327139288e-06
1.108957393e+03 2.329345197e-06
1.113955868e+03 2.331526791e-06
1.118976873e+03 2.333434614e-06
1.124020510e+03 2.335019191e-06
1.129086879e+03 2.336571300e-06
1.134176085e+03 2.338104668e-06
1.139288230e+03 2.339963439e-06
1.144423417e+03 2.342175355e-06
1.149581750e+03 2.344550310e-06
1.154763334e+03 2.346469542e-06
1.159968273e+03 2.347973678e-06
1.165196672e+03 2.349296834e-06
1.170448638e+03 2.350733535e-06
1.175724277e+03 2.352177555e-06
1.181023694e+03 2.353830406e-06
1.186346998e+03 2.355588322e-06
1.191694296e+03 2.357186204e-06
1.197065697e+03 2.358339899e-06
1.202461308e+03 2.359384669e-06
1.207881239e+03 2.360439264e-06
1.213325599e+03 2.361630775e-06
1.218794500e+03 2.362867849e-06
1.224288051e+03 2.364140904e-06
1.229806363e+03 2.365325608e-06
1.235349548e+03 2.366538680e-06
1.240917719e+03 2.367633951e-06
1.246510987e+03 2.368735126e-06
1.252129466e+03 2.369849553e-06
1.257773269e+03 2.371041764e-06
1.263442512e+03 2.372127769e-06
1.269137307e+03 2.373108837e-06
1.274857771e+03 2.374133309e-06
1.280604020e+03 2.375321931e-06
1.286376168e+03 2.376359637e-06
1.292174334e+03 2.377318671e-06
1.297998635e+03 2.378209787e-06
1.303849188e+03 2.379004601e-06
1.309726111e+03 2.379591242e-06
1.315629523e+03 2.380266736e-06
1.321559545e+03 2.381114514e-06
1.327516295e+03 2.382046074e-06
1.333499895e+03 2.382833373e-06
1.339510464e+03 2.383570323e-06
1.345548126e+03 2.384206976e-06
1.351613001e+03 2.384754796e-06
1.357705214e+03 2.385317366e-06
1.363824886e+03 2.386139978e-06
1.369972141e+03 2.387087932e-06
1.376147105e+03 2.388095850e-06
1.382349901e+03 2.388963981e-06
1.388580655e+03 2.389627077e-06
1.394839494e+03 2.390180358e-06
1.401126544e+03 2.390786479e-06
1.407441932e+03 2.391414495e-06
1.413785785e+03 2.392183181e-06
1.420158233e+03 2.392984445e-06
1.426559403e+03 2.393700860e-06
1.432989426e+03 2.394105793e-06
1.439448431e+03 2.394390941e-06
1.445936550e+03 2.394759010e-06
1.452453912e+03 2.395204621e-06
1.459000651e+03 2.395636835e-06
1.465576898e+03 2.396195091e-06
1.472182787e+03 2.396800646e-06
1.478818451e+03 2.397306184e-06
1.485484025e+03 2.397700268e-06
1.492179643e+03 2.398189492e-06
1.498905440e+03 2.398739034e-06
1.505661552e+03 2.399291445e-06
1.512448118e+03 2.399845036e-06
1.519265272e+03 2.400479537e-06
1.526113154e+03 2.401021851e-06
1.532991902e+03 2.401481042e-06
1.539901655e+03 2.401907910e-06
1.546842553e+03 2.402293976e-06
1.553814735e+03 2.402641189e-06
1.560818344e+03 2.402963927e-06
1.567853521e+03 2.403199622e-06
1.574920408e+03 2.403470977e-06
1.582019148e+03 2.403739035e-06
1.589149885e+03 2.404063711e-06
1.596312762e+03 2.404346431e-06
1.603507925e+03 2.404646939e-06
1.610735519e+03 2.404952024e-06
1.617995691e+03 2.405200644e-06
1.625288587e+03 2.405401352e-06
1.632614355e+03 2.405731221e-06
1.639973142e+03 2.406111774e-06
1.647365099e+03 2.406461037e-06
1.654790373e+03 2.406761391e-06
1.662249116e+03 2.407052819e-06
1.669741478e+03 2.407239428e-06
1.677267611e+03 2.407351928e-06
1.684827668e+03 2.407497167e-06
1.692421800e+03 2.407787683e-06
1.700050161e+03 2.408067178e-06
1.707712906e+03 2.408361858e-06
1.715410191e+03 2.408661010e-06
1.723142169e+03 2.408903053e-06
1.730908999e+03 2.409049424e-06
1.738710836e+03 2.409188566e-06
1.746547839e+03 2.409402227e-06
1.754420166e+03 2.409665628e-06
1.762327977e+03 2.409871732e-06
1.770271431e+03 2.410085214e-06
1.778250689e+03 2.410209127e-06
1.786265913e+03 2.410278717e-06
1.794317264e+03 2.410303510e-06
1.802404905e+03 2.410327732e-06
1.810529001e+03 2.410404109e-06
1.818689715e+03 2.410541579e-06
1.826887212e+03 2.410675212e-06
1.835121658e+03 2.410776552e-06
1.843393220e+03 2.410855890e-06
1.851702064e+03 2.410953353e-06
1.860048360e+03 2.411006128e-06
1.868432275e+03 2.411037737e-06
1.876853980e+03 2.411111098e-06
1.885313645e+03 2.411213459e-06
1.893811440e+03 2.411249103e-06
1.902347538e+03 2.411314853e-06
1.910922111e+03 2.411407344e-06
1.919535333e+03 2.411521595e-06
1.928187378e+03 2.411591763e-06
1.936878421e+03 2.411659032e-06
1.945608638e+03 2.411748078e-06
1.954378205e+03 2.411752504e-06
1.963187299e+03 2.411719479e-06
1.972036099e+03 2.411724514e-06
1.980924784e+03 2.411741261e-06
1.989853534e+03 2.411756989e-06
1.998822529e+03 2.411747529e-06
2.007831950e+03 2.411770404e-06
2.016881980e+03 2.411731975e-06
2.025972802e+03 2.411650228e-06
2.035104599e+03 2.411568878e-06
2.044277557e+03 2.411529812e-06
2.053491860e+03 2.411501038e-06
2.062747696e+03 2.411505799e-06
2.072045251e+03 2.411520813e-06
2.081384714e+03 2.411533096e-06
2.090766273e+03 2.411502861e-06
2.100190118e+03 2.411445112e-06
2.109656440e+03 2.411370438e-06
2.119165430e+03 2.411301615e-06
2.128717281e+03 2.411244622e-06
2.138312185e+03 2.411216395e-06
2.147950337e+03 2.411157377e-06
2.157631931e+03 2.411133548e-06
2.167357164e+03 2.411073804e-06
2.177126232e+03 2.410993813e-06
2.186939333e+03 2.410889545e-06
2.196796666e+03 2.410800650e-06
2.206698428e+03 2.410716268e-06
2.216644822e+03 2.410595590e-06
2.226636048e+03 2.410490557e-06
2.236672307e+03 2.410405719e-06
2.246753804e+03 2.410278077e-06
2.256880742e+03 2.410141093e-06
2.267053326e+03 2.410009219e-06
2.277271761e+03 2.409894498e-06
2.287536254e+03 2.409748772e-06
2.297847013e+03 2.409607711e-06
2.308204247e+03 2.409492401e-06
2.318608164e+03 2.409369282e-06
2.329058976e+03 2.409216988e-06
2.339556893e+03 2.409075478e-06
2.350102128e+03 2.408936875e-06
2.360694894e+03 2.408776729e-06
2.371335406e+03 2.408603006e-06
2.382023878e+03 2.408431695e-06
2.392760528e+03 2.408268610e-06
2.403545571e+03 2.408086187e-06
2.414379226e+03 2.407904192e-06
2.425261713e+03 2.407738642e-06
2.436193251e+03 2.407562370e-06
2.447174061e+03 2.407390823e-06
2.458204366e+03 2.407209654e-06
2.469284389e+03 2.407035166e-06
2.480414353e+03 2.406849262e-06
2.491594484e+03 2.406649816e-06
2.502825008e+03 2.406449402e-06
2.514106152e+03 2.406236468e-06
2.525438144e+03 2.406017658e-06
2.536821213e+03 2.405801611e-06
2.548255591e+03 2.405568884e-06
2.559741507e+03 2.405349727e-06
2.571279194e+03 2.405121785e-06
2.582868886e+03 2.404900630e-06
2.594510817e+03 2.404662847e-06
2.606205222e+03 2.404431636e-06
2.617952339e+03 2.404200671e-06
2.629752403e+03 2.403954848e-06
2.641605655e+03 2.403701678e-06
2.653512334e+03 2.403461519e-06
2.665472681e+03 2.403213597e-06
2.677486937e+03 2.402957846e-06
2.689555346e+03 2.402702351e-06
2.701678152e+03 2.402457197e-06
2.713855599e+03 2.402196438e-06
2.726087935e+03 2.401920219e-06
2.738375406e+03 2.401646913e-06
2.750718262e+03 2.401368903e-06
2.763116751e+03 2.401067399e-06
2.775571125e+03 2.400765154e-06
2.788081635e+03 2.400467118e-06
2.800648534e+03 2.400168668e-06
2.813272077e+03 2.399861983e-06
2.825952519e+03 2.399556311e-06
2.838690117e+03 2.399265546e-06
2.851485127e+03 2.398957496e-06
2.864337809e+03 2.398640571e-06
2.877248423e+03 2.398328824e-06
2.890217230e+03 2.398004799e-06
2.903244492e+03 2.397678383e-06
2.916330472e+03 2.397335896e-06
2.929475436e+03 2.397006236e-06
2.942679649e+03 2.396667321e-06
2.955943378e+03 2.396319163e-06
2.969266891e+03 2.395971313e-06
2.982650459e+03 2.395617981e-06
2.996094351e+03 2.395258527e-06
3.009598839e+03 2.394891287e-06
3.023164197e+03 2.394521080e-06
3.036790700e+03 2.394155759e-06
3.050478622e+03 2.393780380e-06
3.064228240e+03 2.393410433e-06
3.078039833e+03 2.393032397e-06
3.091913679e+03 2.392655005e-06
3.105850061e+03 2.392267688e-06
3.119849258e+03 2.391875480e-06
3.133911555e+03 2.391475703e-06
3.148037236e+03 2.391072622e-06
3.162226587e+03 2.390665957e-06
3.176479894e+03 2.390254837e-06
3.190797446e+03 2.389839581e-06
3.205179532e+03 2.389420319e-06
3.219626444e+03 2.389000478e-06
3.234138473e+03 2.388569582e-06
3.248715913e+03 2.388135499e-06
3.263359059e+03 2.387702612e-06
3.278068207e+03 2.387262534e-06
3.292843654e+03 2.386818714e-06
3.307685700e+03 2.386364889e-06
3.322594644e+03 2.385915535e-06
3.337570789e+03 2.385453085e-06
3.352614436e+03 2.384983584e-06
3.367725890e+03 2.384515131e-06
3.382905458e+03 2.384045188e-06
3.398153445e+03 2.383569877e-06
3.413470160e+03 2.383086883e-06
3.428855914e+03 2.382600768e-06
3.444311016e+03 2.382113057e-06
3.459835781e+03 2.381608129e-06
3.475430521e+03 2.381103187e-06
3.491095552e+03 2.380594509e-06
3.506831191e+03 2.380085087e-06
3.522637757e+03 2.379565391e-06
3.538515568e+03 2.379040286e-06
3.554464947e+03 2.378514153e-06
3.570486215e+03 2.377979637e-06
3.586579697e+03 2.377437284e-06
3.602745718e+03 2.376895765e-06
3.618984606e+03 2.376351483e-06
3.635296687e+03 2.375803828e-06
3.651682294e+03 2.375245358e-06
3.668141756e+03 2.374682753e-06
3.684675407e+03 2.374113101e-06
3.701283581e+03 2.373534990e-06
3.717966615e+03 2.372951166e-06
3.734724844e+03 2.372362839e-06
3.751558610e+03 2.371770325e-06
3.768468251e+03 2.371172341e-06
3.785454110e+03 2.370569104e-06
3.802516530e+03 2.369961359e-06
3.819655858e+03 2.369347863e-06
3.836872438e+03 2.368729450e-06
3.854166619e+03 2.368104508e-06
3.871538752e+03 2.367473724e-06
3.888989188e+03 2.366835161e-06
3.906518279e+03 2.366195463e-06
3.924126379e+03 2.365546116e-06
3.941813846e+03 2.364891038e-06
3.959581037e+03 2.364225728e-06
3.977428311e+03 2.363559274e-06
3.995356029e+03 2.362888440e-06
4.013364554e+03 2.362209346e-06
4.031454250e+03 2.361524705e-06
4.049625483e+03 2.360834897e-06
4.067878620e+03 2.360140259e-06
4.086214031e+03 2.359436316e-06
4.104632086e+03 2.358721625e-06
4.123133158e+03 2.358005073e-06
4.141717621e+03 2.357282261e-06
4.160385851e+03 2.356555047e-06
4.179138225e+03 2.355817741e-06
4.197975124e+03 2.355073511e-06
4.216896927e+03 2.354324521e-06
4.235904017e+03 2.353567511e-06
4.254996779e+03 2.352804171e-06
4.274175600e+03 2.352033552e-06
4.293440866e+03 2.351256497e-06
4.312792968e+03 2.350473570e-06
4.332232297e+03 2.349681256e-06
4.351759246e+03 2.348883558e-06
4.371374210e+03 2.348077787e-06
4.391077586e+03 2.347266648e-06
4.410869772e+03 2.346447838e-06
4.430751169e+03 2.345621067e-06
4.450722178e+03 2.344786299e-06
4.470783204e+03 2.343944148e-06
4.490934653e+03 2.343093766e-06
4.511176931e+03 2.342237782e-06
4.531510449e+03 2.341372990e-06
4.551935617e+03 2.340502637e-06
4.572452849e+03 2.339623396e-06
4.593062559e+03 2.338737742e-06
4.613765165e+03 2.337843250e-06
4.634561085e+03 2.336941019e-06
4.655450740e+03 2.336029619e-06
4.676434553e+03 2.335109991e-06
4.697512947e+03 2.334182103e-06
4.718686348e+03 2.333246860e-06
4.739955187e+03 2.332303942e-06
4.761319891e+03 2.331352848e-06
4.782780894e+03 2.330393621e-06
4.804338630e+03 2.329425872e-06
4.825993534e+03 2.328450054e-06
4.847746045e+03 2.327466225e-06
4.869596602e+03 2.326472465e-06
4.891545648e+03 2.325470549e-06
4.913593626e+03 2.324458226e-06
4.935740982e+03 2.323438913e-06
4.957988165e+03 2.322411074e-06
4.980335623e+03 2.321374892e-06
